BN	5030	40256	22316	17940	HCGP-BN-CO_01201	593	2.66
BN	5030	40256	22316	17940	HCGP-BN-CO_04272	256	1.15
BN	5030	40256	22316	17940	HCGP-BN-CO_04504	229	1.03
BN	5030	40256	22316	17940	HCGP-BN-CO_05030	172	0.77
BN	5030	40256	22316	17940	HCGP-BN-CO_00112	163	0.73
BN	5030	40256	22316	17940	HCGP-BN-CO_04916	138	0.62
BN	5030	40256	22316	17940	HCGP-BN-CO_00334	133	0.60
BN	5030	40256	22316	17940	HCGP-BN-CO_01219	121	0.54
BN	5030	40256	22316	17940	HCGP-BN-CO_00778	120	0.54
BN	5030	40256	22316	17940	HCGP-BN-CO_01249	114	0.51
BN	5030	40256	22316	17940	HCGP-BN-CO_01497	113	0.51
BN	5030	40256	22316	17940	HCGP-BN-CO_02287	108	0.48
BN	5030	40256	22316	17940	HCGP-BN-CO_01598	103	0.46
BN	5030	40256	22316	17940	HCGP-BN-CO_04631	89	0.40
BN	5030	40256	22316	17940	HCGP-BN-CO_02291	89	0.40
BN	5030	40256	22316	17940	HCGP-BN-CO_00221	87	0.39
BN	5030	40256	22316	17940	HCGP-BN-CO_00444	85	0.38
BN	5030	40256	22316	17940	HCGP-BN-CO_01903	84	0.38
BN	5030	40256	22316	17940	HCGP-BN-CO_00997	84	0.38
BN	5030	40256	22316	17940	HCGP-BN-CO_01231	83	0.37
BN	5030	40256	22316	17940	HCGP-BN-CO_00673	78	0.35
BN	5030	40256	22316	17940	HCGP-BN-CO_01119	78	0.35
BN	5030	40256	22316	17940	HCGP-BN-CO_00890	74	0.33
BN	5030	40256	22316	17940	HCGP-BN-CO_01216	74	0.33
BN	5030	40256	22316	17940	HCGP-BN-CO_03249	71	0.32
BN	5030	40256	22316	17940	HCGP-BN-CO_02284	69	0.31
BN	5030	40256	22316	17940	HCGP-BN-CO_02376	69	0.31
BN	5030	40256	22316	17940	HCGP-BN-CO_01387	67	0.30
BN	5030	40256	22316	17940	HCGP-BN-CO_02467	63	0.28
BN	5030	40256	22316	17940	HCGP-BN-CO_02649	63	0.28
BN	5030	40256	22316	17940	HCGP-BN-CO_01696	62	0.28
BN	5030	40256	22316	17940	HCGP-BN-CO_02557	61	0.27
BN	5030	40256	22316	17940	HCGP-BN-CO_02094	61	0.27
BN	5030	40256	22316	17940	HCGP-BN-CO_02833	58	0.26
BN	5030	40256	22316	17940	HCGP-BN-CO_03031	57	0.26
BN	5030	40256	22316	17940	HCGP-BN-CO_02739	54	0.24
BN	5030	40256	22316	17940	HCGP-BN-CO_01796	52	0.23
BN	5030	40256	22316	17940	HCGP-BN-CO_03251	50	0.22
BN	5030	40256	22316	17940	HCGP-BN-CO_03134	50	0.22
BN	5030	40256	22316	17940	HCGP-BN-CO_01212	49	0.22
BN	5030	40256	22316	17940	HCGP-BN-CO_01998	47	0.21
BN	5030	40256	22316	17940	HCGP-BN-CO_03469	45	0.20
BN	5030	40256	22316	17940	HCGP-BN-CO_04635	44	0.20
BN	5030	40256	22316	17940	HCGP-BN-CO_03366	42	0.19
BN	5030	40256	22316	17940	HCGP-BN-CO_03779	38	0.17
BN	5030	40256	22316	17940	HCGP-BN-CO_04402	36	0.16
BN	5030	40256	22316	17940	HCGP-BN-CO_03244	35	0.16
BN	5030	40256	22316	17940	HCGP-BN-CO_02929	34	0.15
BN	5030	40256	22316	17940	HCGP-BN-CO_04455	32	0.14
BN	5030	40256	22316	17940	HCGP-BN-CO_04516	31	0.14
BN	5030	40256	22316	17940	HCGP-BN-CO_01256	31	0.14
BN	5030	40256	22316	17940	HCGP-BN-CO_02289	31	0.14
BN	5030	40256	22316	17940	HCGP-BN-CO_01178	31	0.14
BN	5030	40256	22316	17940	HCGP-BN-CO_04525	30	0.13
BN	5030	40256	22316	17940	HCGP-BN-CO_04477	30	0.13
BN	5030	40256	22316	17940	HCGP-BN-CO_04466	30	0.13
BN	5030	40256	22316	17940	HCGP-BN-CO_04551	30	0.13
BN	5030	40256	22316	17940	HCGP-BN-CO_04418	28	0.13
BN	5030	40256	22316	17940	HCGP-BN-CO_04536	28	0.13
BN	5030	40256	22316	17940	HCGP-BN-CO_04575	28	0.13
BN	5030	40256	22316	17940	HCGP-BN-CO_01798	28	0.13
BN	5030	40256	22316	17940	HCGP-BN-CO_02193	27	0.12
BN	5030	40256	22316	17940	HCGP-BN-CO_04369	27	0.12
BN	5030	40256	22316	17940	HCGP-BN-CO_01168	27	0.12
BN	5030	40256	22316	17940	HCGP-BN-CO_03972	27	0.12
BN	5030	40256	22316	17940	HCGP-BN-CO_00222	27	0.12
BN	5030	40256	22316	17940	HCGP-BN-CO_03880	27	0.12
BN	5030	40256	22316	17940	HCGP-BN-CO_04615	26	0.12
BN	5030	40256	22316	17940	HCGP-BN-CO_04663	26	0.12
BN	5030	40256	22316	17940	HCGP-BN-CO_01225	25	0.11
BN	5030	40256	22316	17940	HCGP-BN-CO_04583	25	0.11
BN	5030	40256	22316	17940	HCGP-BN-CO_04442	25	0.11
BN	5030	40256	22316	17940	HCGP-BN-CO_01391	24	0.11
BN	5030	40256	22316	17940	HCGP-BN-CO_04563	23	0.10
BN	5030	40256	22316	17940	HCGP-BN-CO_04723	23	0.10
BN	5030	40256	22316	17940	HCGP-BN-CO_04490	23	0.10
BN	5030	40256	22316	17940	HCGP-BN-CO_03254	23	0.10
BN	5030	40256	22316	17940	HCGP-BN-CO_04637	23	0.10
BN	5030	40256	22316	17940	HCGP-BN-CO_01167	23	0.10
BN	5030	40256	22316	17940	HCGP-BN-CO_04700	23	0.10
BN	5030	40256	22316	17940	HCGP-BN-CO_04070	22	0.10
BN	5030	40256	22316	17940	HCGP-BN-CO_03240	22	0.10
BN	5030	40256	22316	17940	HCGP-BN-CO_04735	22	0.10
BN	5030	40256	22316	17940	HCGP-BN-CO_01695	22	0.10
BN	5030	40256	22316	17940	HCGP-BN-CO_04942	22	0.10
BN	5030	40256	22316	17940	HCGP-BN-CO_03682	22	0.10
BN	5030	40256	22316	17940	HCGP-BN-CO_04996	22	0.10
BN	5030	40256	22316	17940	HCGP-BN-CO_02930	21	0.09
BN	5030	40256	22316	17940	HCGP-BN-CO_04819	21	0.09
BN	5030	40256	22316	17940	HCGP-BN-CO_01237	21	0.09
BN	5030	40256	22316	17940	HCGP-BN-CO_04878	21	0.09
BN	5030	40256	22316	17940	HCGP-BN-CO_05029	21	0.09
BN	5030	40256	22316	17940	HCGP-BN-CO_00011	21	0.09
BN	5030	40256	22316	17940	HCGP-BN-CO_04974	21	0.09
BN	5030	40256	22316	17940	HCGP-BN-CO_04758	21	0.09
BN	5030	40256	22316	17940	HCGP-BN-CO_04171	21	0.09
BN	5030	40256	22316	17940	HCGP-BN-CO_04772	21	0.09
BN	5030	40256	22316	17940	HCGP-BN-CO_04653	21	0.09
BN	5030	40256	22316	17940	HCGP-BN-CO_00064	20	0.09
BN	5030	40256	22316	17940	HCGP-BN-CO_00111	20	0.09
BT	7014	47725	29193	18532	HCGP-BT-CO_05891	312	1.07
BT	7014	47725	29193	18532	HCGP-BT-CO_01239	267	0.91
BT	7014	47725	29193	18532	HCGP-BT-CO_02775	246	0.84
BT	7014	47725	29193	18532	HCGP-BT-CO_06636	181	0.62
BT	7014	47725	29193	18532	HCGP-BT-CO_04811	158	0.54
BT	7014	47725	29193	18532	HCGP-BT-CO_06770	141	0.48
BT	7014	47725	29193	18532	HCGP-BT-CO_03785	109	0.37
BT	7014	47725	29193	18532	HCGP-BT-CO_00120	109	0.37
BT	7014	47725	29193	18532	HCGP-BT-CO_01536	99	0.34
BT	7014	47725	29193	18532	HCGP-BT-CO_06893	98	0.34
BT	7014	47725	29193	18532	HCGP-BT-CO_00236	77	0.26
BT	7014	47725	29193	18532	HCGP-BT-CO_01071	74	0.25
BT	7014	47725	29193	18532	HCGP-BT-CO_03789	74	0.25
BT	7014	47725	29193	18532	HCGP-BT-CO_01787	72	0.25
BT	7014	47725	29193	18532	HCGP-BT-CO_01893	72	0.25
BT	7014	47725	29193	18532	HCGP-BT-CO_02772	72	0.25
BT	7014	47725	29193	18532	HCGP-BT-CO_00724	71	0.24
BT	7014	47725	29193	18532	HCGP-BT-CO_02555	66	0.23
BT	7014	47725	29193	18532	HCGP-BT-CO_00603	65	0.22
BT	7014	47725	29193	18532	HCGP-BT-CO_02661	63	0.22
BT	7014	47725	29193	18532	HCGP-BT-CO_02886	61	0.21
BT	7014	47725	29193	18532	HCGP-BT-CO_02989	60	0.21
BT	7014	47725	29193	18532	HCGP-BT-CO_01999	59	0.20
BT	7014	47725	29193	18532	HCGP-BT-CO_02771	58	0.20
BT	7014	47725	29193	18532	HCGP-BT-CO_03084	56	0.19
BT	7014	47725	29193	18532	HCGP-BT-CO_00359	56	0.19
BT	7014	47725	29193	18532	HCGP-BT-CO_02337	56	0.19
BT	7014	47725	29193	18532	HCGP-BT-CO_03180	55	0.19
BT	7014	47725	29193	18532	HCGP-BT-CO_01493	54	0.18
BT	7014	47725	29193	18532	HCGP-BT-CO_01252	53	0.18
BT	7014	47725	29193	18532	HCGP-BT-CO_03487	53	0.18
BT	7014	47725	29193	18532	HCGP-BT-CO_03680	52	0.18
BT	7014	47725	29193	18532	HCGP-BT-CO_02224	52	0.18
BT	7014	47725	29193	18532	HCGP-BT-CO_00844	49	0.17
BT	7014	47725	29193	18532	HCGP-BT-CO_03799	48	0.16
BT	7014	47725	29193	18532	HCGP-BT-CO_03586	46	0.16
BT	7014	47725	29193	18532	HCGP-BT-CO_03888	44	0.15
BT	7014	47725	29193	18532	HCGP-BT-CO_03787	43	0.15
BT	7014	47725	29193	18532	HCGP-BT-CO_04583	43	0.15
BT	7014	47725	29193	18532	HCGP-BT-CO_03779	41	0.14
BT	7014	47725	29193	18532	HCGP-BT-CO_04267	41	0.14
BT	7014	47725	29193	18532	HCGP-BT-CO_04805	41	0.14
BT	7014	47725	29193	18532	HCGP-BT-CO_01189	41	0.14
BT	7014	47725	29193	18532	HCGP-BT-CO_01338	40	0.14
BT	7014	47725	29193	18532	HCGP-BT-CO_03281	40	0.14
BT	7014	47725	29193	18532	HCGP-BT-CO_04689	39	0.13
BT	7014	47725	29193	18532	HCGP-BT-CO_05144	39	0.13
BT	7014	47725	29193	18532	HCGP-BT-CO_04926	38	0.13
BT	7014	47725	29193	18532	HCGP-BT-CO_04808	37	0.13
BT	7014	47725	29193	18532	HCGP-BT-CO_05034	37	0.13
BT	7014	47725	29193	18532	HCGP-BT-CO_05368	35	0.12
BT	7014	47725	29193	18532	HCGP-BT-CO_00845	34	0.12
BT	7014	47725	29193	18532	HCGP-BT-CO_06104	34	0.12
BT	7014	47725	29193	18532	HCGP-BT-CO_03378	34	0.12
BT	7014	47725	29193	18532	HCGP-BT-CO_01372	34	0.12
BT	7014	47725	29193	18532	HCGP-BT-CO_05685	33	0.11
BT	7014	47725	29193	18532	HCGP-BT-CO_06416	33	0.11
BT	7014	47725	29193	18532	HCGP-BT-CO_04363	32	0.11
BT	7014	47725	29193	18532	HCGP-BT-CO_00362	32	0.11
BT	7014	47725	29193	18532	HCGP-BT-CO_06622	31	0.11
BT	7014	47725	29193	18532	HCGP-BT-CO_01482	30	0.10
BT	7014	47725	29193	18532	HCGP-BT-CO_06678	30	0.10
BT	7014	47725	29193	18532	HCGP-BT-CO_02446	30	0.10
BT	7014	47725	29193	18532	HCGP-BT-CO_04799	30	0.10
BT	7014	47725	29193	18532	HCGP-BT-CO_06688	30	0.10
BT	7014	47725	29193	18532	HCGP-BT-CO_06313	30	0.10
BT	7014	47725	29193	18532	HCGP-BT-CO_06724	29	0.10
BT	7014	47725	29193	18532	HCGP-BT-CO_05888	29	0.10
BT	7014	47725	29193	18532	HCGP-BT-CO_06735	29	0.10
BT	7014	47725	29193	18532	HCGP-BT-CO_06609	29	0.10
BT	7014	47725	29193	18532	HCGP-BT-CO_01540	29	0.10
BT	7014	47725	29193	18532	HCGP-BT-CO_04812	28	0.10
BT	7014	47725	29193	18532	HCGP-BT-CO_01212	28	0.10
BT	7014	47725	29193	18532	HCGP-BT-CO_06785	28	0.10
BT	7014	47725	29193	18532	HCGP-BT-CO_06906	27	0.09
BT	7014	47725	29193	18532	HCGP-BT-CO_06701	27	0.09
BT	7014	47725	29193	18532	HCGP-BT-CO_06824	27	0.09
BT	7014	47725	29193	18532	HCGP-BT-CO_01652	27	0.09
BT	7014	47725	29193	18532	HCGP-BT-CO_02114	27	0.09
BT	7014	47725	29193	18532	HCGP-BT-CO_05478	26	0.09
BT	7014	47725	29193	18532	HCGP-BT-CO_06652	26	0.09
BT	7014	47725	29193	18532	HCGP-BT-CO_06834	26	0.09
BT	7014	47725	29193	18532	HCGP-BT-CO_01479	25	0.09
BT	7014	47725	29193	18532	HCGP-BT-CO_06878	25	0.09
BT	7014	47725	29193	18532	HCGP-BT-CO_04474	25	0.09
BT	7014	47725	29193	18532	HCGP-BT-CO_06713	25	0.09
BT	7014	47725	29193	18532	HCGP-BT-CO_06856	25	0.09
BT	7014	47725	29193	18532	HCGP-BT-CO_06939	25	0.09
BT	7014	47725	29193	18532	HCGP-BT-CO_01638	25	0.09
BT	7014	47725	29193	18532	HCGP-BT-CO_00022	24	0.08
BT	7014	47725	29193	18532	HCGP-BT-CO_07001	24	0.08
BT	7014	47725	29193	18532	HCGP-BT-CO_06989	24	0.08
BT	7014	47725	29193	18532	HCGP-BT-CO_00070	24	0.08
BT	7014	47725	29193	18532	HCGP-BT-CO_03792	24	0.08
BT	7014	47725	29193	18532	HCGP-BT-CO_06003	24	0.08
BT	7014	47725	29193	18532	HCGP-BT-CO_00010	24	0.08
BT	7014	47725	29193	18532	HCGP-BT-CO_00059	23	0.08
BT	7014	47725	29193	18532	HCGP-BT-CO_01314	23	0.08
BT	7014	47725	29193	18532	HCGP-BT-CO_01504	23	0.08
BT	7014	47725	29193	18532	HCGP-BT-CO_01641	23	0.08
CN	1337	10004	4438	5566	HCGP-CN-CO_00580	167	3.76
CN	1337	10004	4438	5566	HCGP-CN-CO_00811	45	1.01
CN	1337	10004	4438	5566	HCGP-CN-CO_00703	38	0.86
CN	1337	10004	4438	5566	HCGP-CN-CO_00910	35	0.79
CN	1337	10004	4438	5566	HCGP-CN-CO_00099	35	0.79
CN	1337	10004	4438	5566	HCGP-CN-CO_00912	34	0.77
CN	1337	10004	4438	5566	HCGP-CN-CO_00371	28	0.63
CN	1337	10004	4438	5566	HCGP-CN-CO_01337	28	0.63
CN	1337	10004	4438	5566	HCGP-CN-CO_00698	27	0.61
CN	1337	10004	4438	5566	HCGP-CN-CO_00424	27	0.61
CN	1337	10004	4438	5566	HCGP-CN-CO_00384	26	0.59
CN	1337	10004	4438	5566	HCGP-CN-CO_00199	24	0.54
CN	1337	10004	4438	5566	HCGP-CN-CO_01015	24	0.54
CN	1337	10004	4438	5566	HCGP-CN-CO_00399	23	0.52
CN	1337	10004	4438	5566	HCGP-CN-CO_00807	22	0.50
CN	1337	10004	4438	5566	HCGP-CN-CO_00496	21	0.47
CN	1337	10004	4438	5566	HCGP-CN-CO_00472	21	0.47
CN	1337	10004	4438	5566	HCGP-CN-CO_00699	19	0.43
CN	1337	10004	4438	5566	HCGP-CN-CO_01012	19	0.43
CN	1337	10004	4438	5566	HCGP-CN-CO_00414	18	0.41
CN	1337	10004	4438	5566	HCGP-CN-CO_00484	18	0.41
CN	1337	10004	4438	5566	HCGP-CN-CO_00445	17	0.38
CN	1337	10004	4438	5566	HCGP-CN-CO_00808	17	0.38
CN	1337	10004	4438	5566	HCGP-CN-CO_01225	17	0.38
CN	1337	10004	4438	5566	HCGP-CN-CO_00567	17	0.38
CN	1337	10004	4438	5566	HCGP-CN-CO_01116	17	0.38
CN	1337	10004	4438	5566	HCGP-CN-CO_00556	16	0.36
CN	1337	10004	4438	5566	HCGP-CN-CO_01336	16	0.36
CN	1337	10004	4438	5566	HCGP-CN-CO_01115	14	0.32
CN	1337	10004	4438	5566	HCGP-CN-CO_00628	14	0.32
CN	1337	10004	4438	5566	HCGP-CN-CO_00357	14	0.32
CN	1337	10004	4438	5566	HCGP-CN-CO_00724	12	0.27
CN	1337	10004	4438	5566	HCGP-CN-CO_01011	12	0.27
CN	1337	10004	4438	5566	HCGP-CN-CO_00650	12	0.27
CN	1337	10004	4438	5566	HCGP-CN-CO_00745	12	0.27
CN	1337	10004	4438	5566	HCGP-CN-CO_00695	12	0.27
CN	1337	10004	4438	5566	HCGP-CN-CO_00673	12	0.27
CN	1337	10004	4438	5566	HCGP-CN-CO_00696	11	0.25
CN	1337	10004	4438	5566	HCGP-CN-CO_00794	11	0.25
CN	1337	10004	4438	5566	HCGP-CN-CO_00714	11	0.25
CN	1337	10004	4438	5566	HCGP-CN-CO_01014	11	0.25
CN	1337	10004	4438	5566	HCGP-CN-CO_00684	11	0.25
CN	1337	10004	4438	5566	HCGP-CN-CO_00805	10	0.23
CN	1337	10004	4438	5566	HCGP-CN-CO_00914	10	0.23
CN	1337	10004	4438	5566	HCGP-CN-CO_00876	9	0.20
CN	1337	10004	4438	5566	HCGP-CN-CO_00603	9	0.20
CN	1337	10004	4438	5566	HCGP-CN-CO_00639	9	0.20
CN	1337	10004	4438	5566	HCGP-CN-CO_01224	9	0.20
CN	1337	10004	4438	5566	HCGP-CN-CO_00901	8	0.18
CN	1337	10004	4438	5566	HCGP-CN-CO_00992	8	0.18
CN	1337	10004	4438	5566	HCGP-CN-CO_00973	8	0.18
CN	1337	10004	4438	5566	HCGP-CN-CO_00447	8	0.18
CN	1337	10004	4438	5566	HCGP-CN-CO_01010	8	0.18
CN	1337	10004	4438	5566	HCGP-CN-CO_01065	8	0.18
CN	1337	10004	4438	5566	HCGP-CN-CO_00909	8	0.18
CN	1337	10004	4438	5566	HCGP-CN-CO_00604	8	0.18
CN	1337	10004	4438	5566	HCGP-CN-CO_00833	8	0.18
CN	1337	10004	4438	5566	HCGP-CN-CO_00946	8	0.18
CN	1337	10004	4438	5566	HCGP-CN-CO_00844	8	0.18
CN	1337	10004	4438	5566	HCGP-CN-CO_00954	8	0.18
CN	1337	10004	4438	5566	HCGP-CN-CO_00982	8	0.18
CN	1337	10004	4438	5566	HCGP-CN-CO_00963	8	0.18
CN	1337	10004	4438	5566	HCGP-CN-CO_01002	8	0.18
CN	1337	10004	4438	5566	HCGP-CN-CO_01211	7	0.16
CN	1337	10004	4438	5566	HCGP-CN-CO_01260	7	0.16
CN	1337	10004	4438	5566	HCGP-CN-CO_00783	7	0.16
CN	1337	10004	4438	5566	HCGP-CN-CO_01238	7	0.16
CN	1337	10004	4438	5566	HCGP-CN-CO_00519	7	0.16
CN	1337	10004	4438	5566	HCGP-CN-CO_00893	7	0.16
CN	1337	10004	4438	5566	HCGP-CN-CO_01282	7	0.16
CN	1337	10004	4438	5566	HCGP-CN-CO_00543	7	0.16
CN	1337	10004	4438	5566	HCGP-CN-CO_01113	7	0.16
CN	1337	10004	4438	5566	HCGP-CN-CO_00865	7	0.16
CN	1337	10004	4438	5566	HCGP-CN-CO_00544	7	0.16
CN	1337	10004	4438	5566	HCGP-CN-CO_01139	7	0.16
CN	1337	10004	4438	5566	HCGP-CN-CO_01220	7	0.16
CN	1337	10004	4438	5566	HCGP-CN-CO_01084	7	0.16
CN	1337	10004	4438	5566	HCGP-CN-CO_01055	7	0.16
CN	1337	10004	4438	5566	HCGP-CN-CO_01147	7	0.16
CN	1337	10004	4438	5566	HCGP-CN-CO_01168	7	0.16
CN	1337	10004	4438	5566	HCGP-CN-CO_01179	7	0.16
CN	1337	10004	4438	5566	HCGP-CN-CO_00307	7	0.16
CN	1337	10004	4438	5566	HCGP-CN-CO_01200	7	0.16
CN	1337	10004	4438	5566	HCGP-CN-CO_01119	7	0.16
CN	1337	10004	4438	5566	HCGP-CN-CO_00011	6	0.14
CN	1337	10004	4438	5566	HCGP-CN-CO_00200	6	0.14
CN	1337	10004	4438	5566	HCGP-CN-CO_00090	6	0.14
CN	1337	10004	4438	5566	HCGP-CN-CO_01271	6	0.14
CN	1337	10004	4438	5566	HCGP-CN-CO_01104	6	0.14
CN	1337	10004	4438	5566	HCGP-CN-CO_00022	6	0.14
CN	1337	10004	4438	5566	HCGP-CN-CO_00700	6	0.14
CN	1337	10004	4438	5566	HCGP-CN-CO_01303	6	0.14
CN	1337	10004	4438	5566	HCGP-CN-CO_01335	6	0.14
CN	1337	10004	4438	5566	HCGP-CN-CO_00577	6	0.14
CN	1337	10004	4438	5566	HCGP-CN-CO_01074	6	0.14
CN	1337	10004	4438	5566	HCGP-CN-CO_01249	6	0.14
CN	1337	10004	4438	5566	HCGP-CN-CO_01046	6	0.14
CN	1337	10004	4438	5566	HCGP-CN-CO_00521	6	0.14
CN	1337	10004	4438	5566	HCGP-CN-CO_00050	6	0.14
CN	1337	10004	4438	5566	HCGP-CN-CO_00042	6	0.14
CT	7979	57394	34703	22691	HCGP-CT-CO_04024	411	1.18
CT	7979	57394	34703	22691	HCGP-CT-CO_02972	242	0.70
CT	7979	57394	34703	22691	HCGP-CT-CO_01590	190	0.55
CT	7979	57394	34703	22691	HCGP-CT-CO_01575	146	0.42
CT	7979	57394	34703	22691	HCGP-CT-CO_06052	145	0.42
CT	7979	57394	34703	22691	HCGP-CT-CO_07108	136	0.39
CT	7979	57394	34703	22691	HCGP-CT-CO_07708	125	0.36
CT	7979	57394	34703	22691	HCGP-CT-CO_01647	122	0.35
CT	7979	57394	34703	22691	HCGP-CT-CO_04990	106	0.31
CT	7979	57394	34703	22691	HCGP-CT-CO_00259	104	0.30
CT	7979	57394	34703	22691	HCGP-CT-CO_00869	95	0.27
CT	7979	57394	34703	22691	HCGP-CT-CO_01746	91	0.26
CT	7979	57394	34703	22691	HCGP-CT-CO_00520	86	0.25
CT	7979	57394	34703	22691	HCGP-CT-CO_07978	81	0.23
CT	7979	57394	34703	22691	HCGP-CT-CO_02975	80	0.23
CT	7979	57394	34703	22691	HCGP-CT-CO_02291	77	0.22
CT	7979	57394	34703	22691	HCGP-CT-CO_02183	76	0.22
CT	7979	57394	34703	22691	HCGP-CT-CO_00390	75	0.22
CT	7979	57394	34703	22691	HCGP-CT-CO_01703	73	0.21
CT	7979	57394	34703	22691	HCGP-CT-CO_01774	73	0.21
CT	7979	57394	34703	22691	HCGP-CT-CO_01116	72	0.21
CT	7979	57394	34703	22691	HCGP-CT-CO_02518	72	0.21
CT	7979	57394	34703	22691	HCGP-CT-CO_00749	71	0.20
CT	7979	57394	34703	22691	HCGP-CT-CO_00123	71	0.20
CT	7979	57394	34703	22691	HCGP-CT-CO_01415	67	0.19
CT	7979	57394	34703	22691	HCGP-CT-CO_02979	67	0.19
CT	7979	57394	34703	22691	HCGP-CT-CO_02071	65	0.19
CT	7979	57394	34703	22691	HCGP-CT-CO_03313	59	0.17
CT	7979	57394	34703	22691	HCGP-CT-CO_00994	56	0.16
CT	7979	57394	34703	22691	HCGP-CT-CO_01954	56	0.16
CT	7979	57394	34703	22691	HCGP-CT-CO_03928	56	0.16
CT	7979	57394	34703	22691	HCGP-CT-CO_03091	56	0.16
CT	7979	57394	34703	22691	HCGP-CT-CO_03635	55	0.16
CT	7979	57394	34703	22691	HCGP-CT-CO_01472	55	0.16
CT	7979	57394	34703	22691	HCGP-CT-CO_01768	55	0.16
CT	7979	57394	34703	22691	HCGP-CT-CO_04222	52	0.15
CT	7979	57394	34703	22691	HCGP-CT-CO_01438	51	0.15
CT	7979	57394	34703	22691	HCGP-CT-CO_04322	51	0.15
CT	7979	57394	34703	22691	HCGP-CT-CO_00638	49	0.14
CT	7979	57394	34703	22691	HCGP-CT-CO_07979	48	0.14
CT	7979	57394	34703	22691	HCGP-CT-CO_01599	48	0.14
CT	7979	57394	34703	22691	HCGP-CT-CO_02631	48	0.14
CT	7979	57394	34703	22691	HCGP-CT-CO_04691	47	0.14
CT	7979	57394	34703	22691	HCGP-CT-CO_05721	47	0.14
CT	7979	57394	34703	22691	HCGP-CT-CO_04886	46	0.13
CT	7979	57394	34703	22691	HCGP-CT-CO_03424	44	0.13
CT	7979	57394	34703	22691	HCGP-CT-CO_01700	44	0.13
CT	7979	57394	34703	22691	HCGP-CT-CO_03827	44	0.13
CT	7979	57394	34703	22691	HCGP-CT-CO_05281	44	0.13
CT	7979	57394	34703	22691	HCGP-CT-CO_05832	43	0.12
CT	7979	57394	34703	22691	HCGP-CT-CO_06164	42	0.12
CT	7979	57394	34703	22691	HCGP-CT-CO_05616	42	0.12
CT	7979	57394	34703	22691	HCGP-CT-CO_05087	42	0.12
CT	7979	57394	34703	22691	HCGP-CT-CO_05178	41	0.12
CT	7979	57394	34703	22691	HCGP-CT-CO_01433	41	0.12
CT	7979	57394	34703	22691	HCGP-CT-CO_03202	41	0.12
CT	7979	57394	34703	22691	HCGP-CT-CO_01269	40	0.12
CT	7979	57394	34703	22691	HCGP-CT-CO_07107	39	0.11
CT	7979	57394	34703	22691	HCGP-CT-CO_06269	39	0.11
CT	7979	57394	34703	22691	HCGP-CT-CO_01635	38	0.11
CT	7979	57394	34703	22691	HCGP-CT-CO_02741	37	0.11
CT	7979	57394	34703	22691	HCGP-CT-CO_05391	37	0.11
CT	7979	57394	34703	22691	HCGP-CT-CO_07639	36	0.10
CT	7979	57394	34703	22691	HCGP-CT-CO_01488	36	0.10
CT	7979	57394	34703	22691	HCGP-CT-CO_01245	36	0.10
CT	7979	57394	34703	22691	HCGP-CT-CO_02856	35	0.10
CT	7979	57394	34703	22691	HCGP-CT-CO_07707	35	0.10
CT	7979	57394	34703	22691	HCGP-CT-CO_01633	34	0.10
CT	7979	57394	34703	22691	HCGP-CT-CO_01623	34	0.10
CT	7979	57394	34703	22691	HCGP-CT-CO_06492	34	0.10
CT	7979	57394	34703	22691	HCGP-CT-CO_07736	33	0.10
CT	7979	57394	34703	22691	HCGP-CT-CO_07218	33	0.10
CT	7979	57394	34703	22691	HCGP-CT-CO_07772	32	0.09
CT	7979	57394	34703	22691	HCGP-CT-CO_07696	32	0.09
CT	7979	57394	34703	22691	HCGP-CT-CO_07761	32	0.09
CT	7979	57394	34703	22691	HCGP-CT-CO_07748	32	0.09
CT	7979	57394	34703	22691	HCGP-CT-CO_01480	31	0.09
CT	7979	57394	34703	22691	HCGP-CT-CO_04985	31	0.09
CT	7979	57394	34703	22691	HCGP-CT-CO_07827	31	0.09
CT	7979	57394	34703	22691	HCGP-CT-CO_06799	31	0.09
CT	7979	57394	34703	22691	HCGP-CT-CO_01800	31	0.09
CT	7979	57394	34703	22691	HCGP-CT-CO_02857	30	0.09
CT	7979	57394	34703	22691	HCGP-CT-CO_04513	30	0.09
CT	7979	57394	34703	22691	HCGP-CT-CO_02740	30	0.09
CT	7979	57394	34703	22691	HCGP-CT-CO_07538	30	0.09
CT	7979	57394	34703	22691	HCGP-CT-CO_07903	30	0.09
CT	7979	57394	34703	22691	HCGP-CT-CO_01493	30	0.09
CT	7979	57394	34703	22691	HCGP-CT-CO_07811	30	0.09
CT	7979	57394	34703	22691	HCGP-CT-CO_07950	30	0.09
CT	7979	57394	34703	22691	HCGP-CT-CO_01591	30	0.09
CT	7979	57394	34703	22691	HCGP-CT-CO_01556	30	0.09
CT	7979	57394	34703	22691	HCGP-CT-CO_07939	29	0.08
CT	7979	57394	34703	22691	HCGP-CT-CO_04117	29	0.08
CT	7979	57394	34703	22691	HCGP-CT-CO_07879	29	0.08
CT	7979	57394	34703	22691	HCGP-CT-CO_06379	29	0.08
CT	7979	57394	34703	22691	HCGP-CT-CO_00108	28	0.08
CT	7979	57394	34703	22691	HCGP-CT-CO_00036	28	0.08
CT	7979	57394	34703	22691	HCGP-CT-CO_00099	28	0.08
CT	7979	57394	34703	22691	HCGP-CT-CO_00995	28	0.08
CT	7979	57394	34703	22691	HCGP-CT-CO_07963	28	0.08
EN	1894	13860	7639	6221	HCGP-EN-CO_01242	99	1.30
EN	1894	13860	7639	6221	HCGP-EN-CO_01124	97	1.27
EN	1894	13860	7639	6221	HCGP-EN-CO_00886	64	0.84
EN	1894	13860	7639	6221	HCGP-EN-CO_00879	64	0.84
EN	1894	13860	7639	6221	HCGP-EN-CO_01121	61	0.80
EN	1894	13860	7639	6221	HCGP-EN-CO_01583	60	0.79
EN	1894	13860	7639	6221	HCGP-EN-CO_01810	52	0.68
EN	1894	13860	7639	6221	HCGP-EN-CO_00959	49	0.64
EN	1894	13860	7639	6221	HCGP-EN-CO_00097	48	0.63
EN	1894	13860	7639	6221	HCGP-EN-CO_00924	47	0.62
EN	1894	13860	7639	6221	HCGP-EN-CO_00197	46	0.60
EN	1894	13860	7639	6221	HCGP-EN-CO_01894	45	0.59
EN	1894	13860	7639	6221	HCGP-EN-CO_00309	41	0.54
EN	1894	13860	7639	6221	HCGP-EN-CO_00411	38	0.50
EN	1894	13860	7639	6221	HCGP-EN-CO_01699	37	0.48
EN	1894	13860	7639	6221	HCGP-EN-CO_01353	36	0.47
EN	1894	13860	7639	6221	HCGP-EN-CO_01470	35	0.46
EN	1894	13860	7639	6221	HCGP-EN-CO_01072	30	0.39
EN	1894	13860	7639	6221	HCGP-EN-CO_01017	30	0.39
EN	1894	13860	7639	6221	HCGP-EN-CO_00985	30	0.39
EN	1894	13860	7639	6221	HCGP-EN-CO_00974	30	0.39
EN	1894	13860	7639	6221	HCGP-EN-CO_00877	28	0.37
EN	1894	13860	7639	6221	HCGP-EN-CO_01120	27	0.35
EN	1894	13860	7639	6221	HCGP-EN-CO_01060	27	0.35
EN	1894	13860	7639	6221	HCGP-EN-CO_00923	26	0.34
EN	1894	13860	7639	6221	HCGP-EN-CO_01138	26	0.34
EN	1894	13860	7639	6221	HCGP-EN-CO_00911	26	0.34
EN	1894	13860	7639	6221	HCGP-EN-CO_01030	26	0.34
EN	1894	13860	7639	6221	HCGP-EN-CO_01047	25	0.33
EN	1894	13860	7639	6221	HCGP-EN-CO_01149	24	0.31
EN	1894	13860	7639	6221	HCGP-EN-CO_01351	24	0.31
EN	1894	13860	7639	6221	HCGP-EN-CO_01184	24	0.31
EN	1894	13860	7639	6221	HCGP-EN-CO_01174	23	0.30
EN	1894	13860	7639	6221	HCGP-EN-CO_00630	22	0.29
EN	1894	13860	7639	6221	HCGP-EN-CO_01195	22	0.29
EN	1894	13860	7639	6221	HCGP-EN-CO_01005	21	0.27
EN	1894	13860	7639	6221	HCGP-EN-CO_01469	20	0.26
EN	1894	13860	7639	6221	HCGP-EN-CO_01219	20	0.26
EN	1894	13860	7639	6221	HCGP-EN-CO_01253	20	0.26
EN	1894	13860	7639	6221	HCGP-EN-CO_01287	19	0.25
EN	1894	13860	7639	6221	HCGP-EN-CO_00880	19	0.25
EN	1894	13860	7639	6221	HCGP-EN-CO_01263	19	0.25
EN	1894	13860	7639	6221	HCGP-EN-CO_01241	18	0.24
EN	1894	13860	7639	6221	HCGP-EN-CO_01319	18	0.24
EN	1894	13860	7639	6221	HCGP-EN-CO_00520	18	0.24
EN	1894	13860	7639	6221	HCGP-EN-CO_00519	18	0.24
EN	1894	13860	7639	6221	HCGP-EN-CO_01308	18	0.24
EN	1894	13860	7639	6221	HCGP-EN-CO_01298	18	0.24
EN	1894	13860	7639	6221	HCGP-EN-CO_01366	17	0.22
EN	1894	13860	7639	6221	HCGP-EN-CO_00950	17	0.22
EN	1894	13860	7639	6221	HCGP-EN-CO_01350	17	0.22
EN	1894	13860	7639	6221	HCGP-EN-CO_01340	17	0.22
EN	1894	13860	7639	6221	HCGP-EN-CO_01095	17	0.22
EN	1894	13860	7639	6221	HCGP-EN-CO_00851	17	0.22
EN	1894	13860	7639	6221	HCGP-EN-CO_01411	16	0.21
EN	1894	13860	7639	6221	HCGP-EN-CO_01422	16	0.21
EN	1894	13860	7639	6221	HCGP-EN-CO_01465	16	0.21
EN	1894	13860	7639	6221	HCGP-EN-CO_01084	16	0.21
EN	1894	13860	7639	6221	HCGP-EN-CO_01390	16	0.21
EN	1894	13860	7639	6221	HCGP-EN-CO_01400	16	0.21
EN	1894	13860	7639	6221	HCGP-EN-CO_01354	16	0.21
EN	1894	13860	7639	6221	HCGP-EN-CO_01455	16	0.21
EN	1894	13860	7639	6221	HCGP-EN-CO_01330	16	0.21
EN	1894	13860	7639	6221	HCGP-EN-CO_01108	16	0.21
EN	1894	13860	7639	6221	HCGP-EN-CO_01432	15	0.20
EN	1894	13860	7639	6221	HCGP-EN-CO_01562	15	0.20
EN	1894	13860	7639	6221	HCGP-EN-CO_01505	15	0.20
EN	1894	13860	7639	6221	HCGP-EN-CO_01516	15	0.20
EN	1894	13860	7639	6221	HCGP-EN-CO_01481	15	0.20
EN	1894	13860	7639	6221	HCGP-EN-CO_01661	14	0.18
EN	1894	13860	7639	6221	HCGP-EN-CO_01551	14	0.18
EN	1894	13860	7639	6221	HCGP-EN-CO_01650	14	0.18
EN	1894	13860	7639	6221	HCGP-EN-CO_01628	14	0.18
EN	1894	13860	7639	6221	HCGP-EN-CO_01639	14	0.18
EN	1894	13860	7639	6221	HCGP-EN-CO_01605	14	0.18
EN	1894	13860	7639	6221	HCGP-EN-CO_01572	14	0.18
EN	1894	13860	7639	6221	HCGP-EN-CO_01275	14	0.18
EN	1894	13860	7639	6221	HCGP-EN-CO_01083	13	0.17
EN	1894	13860	7639	6221	HCGP-EN-CO_01711	13	0.17
EN	1894	13860	7639	6221	HCGP-EN-CO_01671	13	0.17
EN	1894	13860	7639	6221	HCGP-EN-CO_01582	12	0.16
EN	1894	13860	7639	6221	HCGP-EN-CO_01809	12	0.16
EN	1894	13860	7639	6221	HCGP-EN-CO_01777	12	0.16
EN	1894	13860	7639	6221	HCGP-EN-CO_01827	12	0.16
EN	1894	13860	7639	6221	HCGP-EN-CO_01109	12	0.16
EN	1894	13860	7639	6221	HCGP-EN-CO_01755	12	0.16
EN	1894	13860	7639	6221	HCGP-EN-CO_01616	12	0.16
EN	1894	13860	7639	6221	HCGP-EN-CO_01799	12	0.16
EN	1894	13860	7639	6221	HCGP-EN-CO_01694	11	0.14
EN	1894	13860	7639	6221	HCGP-EN-CO_01865	11	0.14
EN	1894	13860	7639	6221	HCGP-EN-CO_01836	11	0.14
EN	1894	13860	7639	6221	HCGP-EN-CO_01230	11	0.14
EN	1894	13860	7639	6221	HCGP-EN-CO_01886	11	0.14
EN	1894	13860	7639	6221	HCGP-EN-CO_01819	11	0.14
EN	1894	13860	7639	6221	HCGP-EN-CO_00008	11	0.14
EN	1894	13860	7639	6221	HCGP-EN-CO_01695	11	0.14
EN	1894	13860	7639	6221	HCGP-EN-CO_01466	11	0.14
EN	1894	13860	7639	6221	HCGP-EN-CO_00850	11	0.14
EN	1894	13860	7639	6221	HCGP-EN-CO_00884	11	0.14
EN	1894	13860	7639	6221	HCGP-EN-CO_01892	11	0.14
ET	3015	25992	13493	12499	HCGP-ET-CO_01104	355	2.63
ET	3015	25992	13493	12499	HCGP-ET-CO_01311	282	2.09
ET	3015	25992	13493	12499	HCGP-ET-CO_02205	199	1.47
ET	3015	25992	13493	12499	HCGP-ET-CO_01319	180	1.33
ET	3015	25992	13493	12499	HCGP-ET-CO_01000	169	1.25
ET	3015	25992	13493	12499	HCGP-ET-CO_01161	132	0.98
ET	3015	25992	13493	12499	HCGP-ET-CO_02453	114	0.84
ET	3015	25992	13493	12499	HCGP-ET-CO_02323	98	0.73
ET	3015	25992	13493	12499	HCGP-ET-CO_02567	96	0.71
ET	3015	25992	13493	12499	HCGP-ET-CO_02902	84	0.62
ET	3015	25992	13493	12499	HCGP-ET-CO_01008	67	0.50
ET	3015	25992	13493	12499	HCGP-ET-CO_00215	66	0.49
ET	3015	25992	13493	12499	HCGP-ET-CO_00316	63	0.47
ET	3015	25992	13493	12499	HCGP-ET-CO_02682	62	0.46
ET	3015	25992	13493	12499	HCGP-ET-CO_01362	62	0.46
ET	3015	25992	13493	12499	HCGP-ET-CO_00490	59	0.44
ET	3015	25992	13493	12499	HCGP-ET-CO_01181	57	0.42
ET	3015	25992	13493	12499	HCGP-ET-CO_00583	52	0.39
ET	3015	25992	13493	12499	HCGP-ET-CO_00888	52	0.39
ET	3015	25992	13493	12499	HCGP-ET-CO_01361	51	0.38
ET	3015	25992	13493	12499	HCGP-ET-CO_00684	50	0.37
ET	3015	25992	13493	12499	HCGP-ET-CO_00117	49	0.36
ET	3015	25992	13493	12499	HCGP-ET-CO_03010	46	0.34
ET	3015	25992	13493	12499	HCGP-ET-CO_00996	45	0.33
ET	3015	25992	13493	12499	HCGP-ET-CO_02792	44	0.33
ET	3015	25992	13493	12499	HCGP-ET-CO_01693	43	0.32
ET	3015	25992	13493	12499	HCGP-ET-CO_01791	42	0.31
ET	3015	25992	13493	12499	HCGP-ET-CO_00997	41	0.30
ET	3015	25992	13493	12499	HCGP-ET-CO_00404	40	0.30
ET	3015	25992	13493	12499	HCGP-ET-CO_02102	40	0.30
ET	3015	25992	13493	12499	HCGP-ET-CO_01889	39	0.29
ET	3015	25992	13493	12499	HCGP-ET-CO_01005	37	0.27
ET	3015	25992	13493	12499	HCGP-ET-CO_02190	35	0.26
ET	3015	25992	13493	12499	HCGP-ET-CO_02240	32	0.24
ET	3015	25992	13493	12499	HCGP-ET-CO_02216	32	0.24
ET	3015	25992	13493	12499	HCGP-ET-CO_01993	29	0.21
ET	3015	25992	13493	12499	HCGP-ET-CO_01370	29	0.21
ET	3015	25992	13493	12499	HCGP-ET-CO_02263	29	0.21
ET	3015	25992	13493	12499	HCGP-ET-CO_01301	28	0.21
ET	3015	25992	13493	12499	HCGP-ET-CO_02319	28	0.21
ET	3015	25992	13493	12499	HCGP-ET-CO_01194	28	0.21
ET	3015	25992	13493	12499	HCGP-ET-CO_02305	27	0.20
ET	3015	25992	13493	12499	HCGP-ET-CO_02179	27	0.20
ET	3015	25992	13493	12499	HCGP-ET-CO_02202	27	0.20
ET	3015	25992	13493	12499	HCGP-ET-CO_02293	27	0.20
ET	3015	25992	13493	12499	HCGP-ET-CO_02794	27	0.20
ET	3015	25992	13493	12499	HCGP-ET-CO_02273	27	0.20
ET	3015	25992	13493	12499	HCGP-ET-CO_02348	27	0.20
ET	3015	25992	13493	12499	HCGP-ET-CO_02282	27	0.20
ET	3015	25992	13493	12499	HCGP-ET-CO_01358	26	0.19
ET	3015	25992	13493	12499	HCGP-ET-CO_01122	26	0.19
ET	3015	25992	13493	12499	HCGP-ET-CO_01471	26	0.19
ET	3015	25992	13493	12499	HCGP-ET-CO_01179	24	0.18
ET	3015	25992	13493	12499	HCGP-ET-CO_01223	24	0.18
ET	3015	25992	13493	12499	HCGP-ET-CO_02398	24	0.18
ET	3015	25992	13493	12499	HCGP-ET-CO_02336	24	0.18
ET	3015	25992	13493	12499	HCGP-ET-CO_01240	24	0.18
ET	3015	25992	13493	12499	HCGP-ET-CO_02437	23	0.17
ET	3015	25992	13493	12499	HCGP-ET-CO_01180	23	0.17
ET	3015	25992	13493	12499	HCGP-ET-CO_02371	23	0.17
ET	3015	25992	13493	12499	HCGP-ET-CO_02485	22	0.16
ET	3015	25992	13493	12499	HCGP-ET-CO_02464	22	0.16
ET	3015	25992	13493	12499	HCGP-ET-CO_02474	22	0.16
ET	3015	25992	13493	12499	HCGP-ET-CO_01314	21	0.16
ET	3015	25992	13493	12499	HCGP-ET-CO_02553	21	0.16
ET	3015	25992	13493	12499	HCGP-ET-CO_00405	21	0.16
ET	3015	25992	13493	12499	HCGP-ET-CO_02603	20	0.15
ET	3015	25992	13493	12499	HCGP-ET-CO_01118	20	0.15
ET	3015	25992	13493	12499	HCGP-ET-CO_00785	20	0.15
ET	3015	25992	13493	12499	HCGP-ET-CO_01300	20	0.15
ET	3015	25992	13493	12499	HCGP-ET-CO_01335	20	0.15
ET	3015	25992	13493	12499	HCGP-ET-CO_02533	19	0.14
ET	3015	25992	13493	12499	HCGP-ET-CO_01236	19	0.14
ET	3015	25992	13493	12499	HCGP-ET-CO_02640	19	0.14
ET	3015	25992	13493	12499	HCGP-ET-CO_02670	19	0.14
ET	3015	25992	13493	12499	HCGP-ET-CO_02509	19	0.14
ET	3015	25992	13493	12499	HCGP-ET-CO_02615	19	0.14
ET	3015	25992	13493	12499	HCGP-ET-CO_02705	19	0.14
ET	3015	25992	13493	12499	HCGP-ET-CO_02497	19	0.14
ET	3015	25992	13493	12499	HCGP-ET-CO_02413	19	0.14
ET	3015	25992	13493	12499	HCGP-ET-CO_02228	18	0.13
ET	3015	25992	13493	12499	HCGP-ET-CO_02649	18	0.13
ET	3015	25992	13493	12499	HCGP-ET-CO_02769	18	0.13
ET	3015	25992	13493	12499	HCGP-ET-CO_01160	18	0.13
ET	3015	25992	13493	12499	HCGP-ET-CO_02804	18	0.13
ET	3015	25992	13493	12499	HCGP-ET-CO_02591	18	0.13
ET	3015	25992	13493	12499	HCGP-ET-CO_02715	18	0.13
ET	3015	25992	13493	12499	HCGP-ET-CO_01119	18	0.13
ET	3015	25992	13493	12499	HCGP-ET-CO_02579	18	0.13
ET	3015	25992	13493	12499	HCGP-ET-CO_02823	18	0.13
ET	3015	25992	13493	12499	HCGP-ET-CO_02877	17	0.13
ET	3015	25992	13493	12499	HCGP-ET-CO_02833	17	0.13
ET	3015	25992	13493	12499	HCGP-ET-CO_02900	17	0.13
ET	3015	25992	13493	12499	HCGP-ET-CO_02813	17	0.13
ET	3015	25992	13493	12499	HCGP-ET-CO_02758	17	0.13
ET	3015	25992	13493	12499	HCGP-ET-CO_02747	17	0.13
ET	3015	25992	13493	12499	HCGP-ET-CO_02913	17	0.13
ET	3015	25992	13493	12499	HCGP-ET-CO_02629	17	0.13
ET	3015	25992	13493	12499	HCGP-ET-CO_02779	17	0.13
ET	3015	25992	13493	12499	HCGP-ET-CO_02680	16	0.12
FN	1888	16222	9127	7095	HCGP-FN-CO_01368	232	2.54
FN	1888	16222	9127	7095	HCGP-FN-CO_01106	158	1.73
FN	1888	16222	9127	7095	HCGP-FN-CO_00973	144	1.58
FN	1888	16222	9127	7095	HCGP-FN-CO_00963	128	1.40
FN	1888	16222	9127	7095	HCGP-FN-CO_01683	101	1.11
FN	1888	16222	9127	7095	HCGP-FN-CO_00974	91	1.00
FN	1888	16222	9127	7095	HCGP-FN-CO_00964	91	1.00
FN	1888	16222	9127	7095	HCGP-FN-CO_01888	82	0.90
FN	1888	16222	9127	7095	HCGP-FN-CO_01591	70	0.77
FN	1888	16222	9127	7095	HCGP-FN-CO_01788	66	0.72
FN	1888	16222	9127	7095	HCGP-FN-CO_00664	65	0.71
FN	1888	16222	9127	7095	HCGP-FN-CO_00186	64	0.70
FN	1888	16222	9127	7095	HCGP-FN-CO_00357	63	0.69
FN	1888	16222	9127	7095	HCGP-FN-CO_00562	62	0.68
FN	1888	16222	9127	7095	HCGP-FN-CO_00454	60	0.66
FN	1888	16222	9127	7095	HCGP-FN-CO_01590	60	0.66
FN	1888	16222	9127	7095	HCGP-FN-CO_00761	58	0.64
FN	1888	16222	9127	7095	HCGP-FN-CO_00956	57	0.62
FN	1888	16222	9127	7095	HCGP-FN-CO_00092	56	0.61
FN	1888	16222	9127	7095	HCGP-FN-CO_01481	56	0.61
FN	1888	16222	9127	7095	HCGP-FN-CO_00271	56	0.61
FN	1888	16222	9127	7095	HCGP-FN-CO_01015	50	0.55
FN	1888	16222	9127	7095	HCGP-FN-CO_01027	48	0.53
FN	1888	16222	9127	7095	HCGP-FN-CO_00988	47	0.51
FN	1888	16222	9127	7095	HCGP-FN-CO_01065	42	0.46
FN	1888	16222	9127	7095	HCGP-FN-CO_01002	40	0.44
FN	1888	16222	9127	7095	HCGP-FN-CO_01101	39	0.43
FN	1888	16222	9127	7095	HCGP-FN-CO_01090	39	0.43
FN	1888	16222	9127	7095	HCGP-FN-CO_01079	38	0.42
FN	1888	16222	9127	7095	HCGP-FN-CO_00971	38	0.42
FN	1888	16222	9127	7095	HCGP-FN-CO_01176	36	0.39
FN	1888	16222	9127	7095	HCGP-FN-CO_01185	35	0.38
FN	1888	16222	9127	7095	HCGP-FN-CO_01142	34	0.37
FN	1888	16222	9127	7095	HCGP-FN-CO_01205	32	0.35
FN	1888	16222	9127	7095	HCGP-FN-CO_01216	31	0.34
FN	1888	16222	9127	7095	HCGP-FN-CO_01165	30	0.33
FN	1888	16222	9127	7095	HCGP-FN-CO_01194	30	0.33
FN	1888	16222	9127	7095	HCGP-FN-CO_01281	28	0.31
FN	1888	16222	9127	7095	HCGP-FN-CO_01291	28	0.31
FN	1888	16222	9127	7095	HCGP-FN-CO_01271	27	0.30
FN	1888	16222	9127	7095	HCGP-FN-CO_01315	27	0.30
FN	1888	16222	9127	7095	HCGP-FN-CO_01052	27	0.30
FN	1888	16222	9127	7095	HCGP-FN-CO_00966	24	0.26
FN	1888	16222	9127	7095	HCGP-FN-CO_00970	23	0.25
FN	1888	16222	9127	7095	HCGP-FN-CO_01130	23	0.25
FN	1888	16222	9127	7095	HCGP-FN-CO_01367	23	0.25
FN	1888	16222	9127	7095	HCGP-FN-CO_01038	22	0.24
FN	1888	16222	9127	7095	HCGP-FN-CO_01305	21	0.23
FN	1888	16222	9127	7095	HCGP-FN-CO_01336	21	0.23
FN	1888	16222	9127	7095	HCGP-FN-CO_01226	20	0.22
FN	1888	16222	9127	7095	HCGP-FN-CO_01153	20	0.22
FN	1888	16222	9127	7095	HCGP-FN-CO_01425	20	0.22
FN	1888	16222	9127	7095	HCGP-FN-CO_01492	19	0.21
FN	1888	16222	9127	7095	HCGP-FN-CO_01512	19	0.21
FN	1888	16222	9127	7095	HCGP-FN-CO_01502	19	0.21
FN	1888	16222	9127	7095	HCGP-FN-CO_01435	19	0.21
FN	1888	16222	9127	7095	HCGP-FN-CO_01467	19	0.21
FN	1888	16222	9127	7095	HCGP-FN-CO_01446	18	0.20
FN	1888	16222	9127	7095	HCGP-FN-CO_01534	18	0.20
FN	1888	16222	9127	7095	HCGP-FN-CO_01545	18	0.20
FN	1888	16222	9127	7095	HCGP-FN-CO_01040	17	0.19
FN	1888	16222	9127	7095	HCGP-FN-CO_01347	17	0.19
FN	1888	16222	9127	7095	HCGP-FN-CO_01600	17	0.19
FN	1888	16222	9127	7095	HCGP-FN-CO_01589	17	0.19
FN	1888	16222	9127	7095	HCGP-FN-CO_01568	17	0.19
FN	1888	16222	9127	7095	HCGP-FN-CO_01790	17	0.19
FN	1888	16222	9127	7095	HCGP-FN-CO_01402	17	0.19
FN	1888	16222	9127	7095	HCGP-FN-CO_01414	16	0.18
FN	1888	16222	9127	7095	HCGP-FN-CO_01326	16	0.18
FN	1888	16222	9127	7095	HCGP-FN-CO_01633	16	0.18
FN	1888	16222	9127	7095	HCGP-FN-CO_01616	16	0.18
FN	1888	16222	9127	7095	HCGP-FN-CO_01378	16	0.18
FN	1888	16222	9127	7095	HCGP-FN-CO_01744	15	0.16
FN	1888	16222	9127	7095	HCGP-FN-CO_01577	15	0.16
FN	1888	16222	9127	7095	HCGP-FN-CO_01682	15	0.16
FN	1888	16222	9127	7095	HCGP-FN-CO_01625	15	0.16
FN	1888	16222	9127	7095	HCGP-FN-CO_01457	15	0.16
FN	1888	16222	9127	7095	HCGP-FN-CO_01733	15	0.16
FN	1888	16222	9127	7095	HCGP-FN-CO_01609	15	0.16
FN	1888	16222	9127	7095	HCGP-FN-CO_01722	15	0.16
FN	1888	16222	9127	7095	HCGP-FN-CO_01109	15	0.16
FN	1888	16222	9127	7095	HCGP-FN-CO_01713	15	0.16
FN	1888	16222	9127	7095	HCGP-FN-CO_01703	15	0.16
FN	1888	16222	9127	7095	HCGP-FN-CO_01482	14	0.15
FN	1888	16222	9127	7095	HCGP-FN-CO_01810	14	0.15
FN	1888	16222	9127	7095	HCGP-FN-CO_01642	14	0.15
FN	1888	16222	9127	7095	HCGP-FN-CO_01819	14	0.15
FN	1888	16222	9127	7095	HCGP-FN-CO_01674	14	0.15
FN	1888	16222	9127	7095	HCGP-FN-CO_01800	14	0.15
FN	1888	16222	9127	7095	HCGP-FN-CO_01693	14	0.15
FN	1888	16222	9127	7095	HCGP-FN-CO_01828	14	0.15
FN	1888	16222	9127	7095	HCGP-FN-CO_01766	13	0.14
FN	1888	16222	9127	7095	HCGP-FN-CO_01787	13	0.14
FN	1888	16222	9127	7095	HCGP-FN-CO_01652	13	0.14
FN	1888	16222	9127	7095	HCGP-FN-CO_01868	13	0.14
FN	1888	16222	9127	7095	HCGP-FN-CO_00010	13	0.14
FN	1888	16222	9127	7095	HCGP-FN-CO_01878	13	0.14
FN	1888	16222	9127	7095	HCGP-FN-CO_01837	13	0.14
FN	1888	16222	9127	7095	HCGP-FN-CO_01684	13	0.14
FN	1888	16222	9127	7095	HCGP-FN-CO_01755	12	0.13
FT	1908	15127	8809	6318	HCGP-FT-CO_01132	317	3.60
FT	1908	15127	8809	6318	HCGP-FT-CO_01507	88	1.00
FT	1908	15127	8809	6318	HCGP-FT-CO_01610	77	0.87
FT	1908	15127	8809	6318	HCGP-FT-CO_01393	70	0.79
FT	1908	15127	8809	6318	HCGP-FT-CO_00986	64	0.73
FT	1908	15127	8809	6318	HCGP-FT-CO_01908	64	0.73
FT	1908	15127	8809	6318	HCGP-FT-CO_00168	58	0.66
FT	1908	15127	8809	6318	HCGP-FT-CO_01819	57	0.65
FT	1908	15127	8809	6318	HCGP-FT-CO_00261	56	0.64
FT	1908	15127	8809	6318	HCGP-FT-CO_00989	53	0.60
FT	1908	15127	8809	6318	HCGP-FT-CO_00463	52	0.59
FT	1908	15127	8809	6318	HCGP-FT-CO_00988	51	0.58
FT	1908	15127	8809	6318	HCGP-FT-CO_00569	51	0.58
FT	1908	15127	8809	6318	HCGP-FT-CO_00672	50	0.57
FT	1908	15127	8809	6318	HCGP-FT-CO_00774	44	0.50
FT	1908	15127	8809	6318	HCGP-FT-CO_00979	44	0.50
FT	1908	15127	8809	6318	HCGP-FT-CO_00874	44	0.50
FT	1908	15127	8809	6318	HCGP-FT-CO_01017	43	0.49
FT	1908	15127	8809	6318	HCGP-FT-CO_01031	40	0.45
FT	1908	15127	8809	6318	HCGP-FT-CO_01717	35	0.40
FT	1908	15127	8809	6318	HCGP-FT-CO_01053	32	0.36
FT	1908	15127	8809	6318	HCGP-FT-CO_01043	31	0.35
FT	1908	15127	8809	6318	HCGP-FT-CO_01716	31	0.35
FT	1908	15127	8809	6318	HCGP-FT-CO_01167	30	0.34
FT	1908	15127	8809	6318	HCGP-FT-CO_01143	30	0.34
FT	1908	15127	8809	6318	HCGP-FT-CO_01131	30	0.34
FT	1908	15127	8809	6318	HCGP-FT-CO_01178	29	0.33
FT	1908	15127	8809	6318	HCGP-FT-CO_01201	29	0.33
FT	1908	15127	8809	6318	HCGP-FT-CO_01093	28	0.32
FT	1908	15127	8809	6318	HCGP-FT-CO_01213	27	0.31
FT	1908	15127	8809	6318	HCGP-FT-CO_01238	27	0.31
FT	1908	15127	8809	6318	HCGP-FT-CO_01155	27	0.31
FT	1908	15127	8809	6318	HCGP-FT-CO_01107	27	0.31
FT	1908	15127	8809	6318	HCGP-FT-CO_01225	26	0.30
FT	1908	15127	8809	6318	HCGP-FT-CO_01301	26	0.30
FT	1908	15127	8809	6318	HCGP-FT-CO_01080	26	0.30
FT	1908	15127	8809	6318	HCGP-FT-CO_01311	25	0.28
FT	1908	15127	8809	6318	HCGP-FT-CO_01378	24	0.27
FT	1908	15127	8809	6318	HCGP-FT-CO_01333	24	0.27
FT	1908	15127	8809	6318	HCGP-FT-CO_01368	23	0.26
FT	1908	15127	8809	6318	HCGP-FT-CO_00991	23	0.26
FT	1908	15127	8809	6318	HCGP-FT-CO_01323	23	0.26
FT	1908	15127	8809	6318	HCGP-FT-CO_01389	23	0.26
FT	1908	15127	8809	6318	HCGP-FT-CO_01290	23	0.26
FT	1908	15127	8809	6318	HCGP-FT-CO_01439	22	0.25
FT	1908	15127	8809	6318	HCGP-FT-CO_01429	22	0.25
FT	1908	15127	8809	6318	HCGP-FT-CO_01358	21	0.24
FT	1908	15127	8809	6318	HCGP-FT-CO_01495	21	0.24
FT	1908	15127	8809	6318	HCGP-FT-CO_01066	21	0.24
FT	1908	15127	8809	6318	HCGP-FT-CO_01473	21	0.24
FT	1908	15127	8809	6318	HCGP-FT-CO_01450	20	0.23
FT	1908	15127	8809	6318	HCGP-FT-CO_01577	19	0.22
FT	1908	15127	8809	6318	HCGP-FT-CO_01620	19	0.22
FT	1908	15127	8809	6318	HCGP-FT-CO_01547	19	0.22
FT	1908	15127	8809	6318	HCGP-FT-CO_01631	18	0.20
FT	1908	15127	8809	6318	HCGP-FT-CO_01641	18	0.20
FT	1908	15127	8809	6318	HCGP-FT-CO_01598	18	0.20
FT	1908	15127	8809	6318	HCGP-FT-CO_00984	18	0.20
FT	1908	15127	8809	6318	HCGP-FT-CO_01530	18	0.20
FT	1908	15127	8809	6318	HCGP-FT-CO_00353	18	0.20
FT	1908	15127	8809	6318	HCGP-FT-CO_01538	17	0.19
FT	1908	15127	8809	6318	HCGP-FT-CO_01556	17	0.19
FT	1908	15127	8809	6318	HCGP-FT-CO_01120	17	0.19
FT	1908	15127	8809	6318	HCGP-FT-CO_01568	17	0.19
FT	1908	15127	8809	6318	HCGP-FT-CO_01672	17	0.19
FT	1908	15127	8809	6318	HCGP-FT-CO_01683	17	0.19
FT	1908	15127	8809	6318	HCGP-FT-CO_01704	17	0.19
FT	1908	15127	8809	6318	HCGP-FT-CO_01587	17	0.19
FT	1908	15127	8809	6318	HCGP-FT-CO_01390	16	0.18
FT	1908	15127	8809	6318	HCGP-FT-CO_01484	16	0.18
FT	1908	15127	8809	6318	HCGP-FT-CO_01808	16	0.18
FT	1908	15127	8809	6318	HCGP-FT-CO_01800	16	0.18
FT	1908	15127	8809	6318	HCGP-FT-CO_01726	16	0.18
FT	1908	15127	8809	6318	HCGP-FT-CO_01747	16	0.18
FT	1908	15127	8809	6318	HCGP-FT-CO_01652	16	0.18
FT	1908	15127	8809	6318	HCGP-FT-CO_01693	16	0.18
FT	1908	15127	8809	6318	HCGP-FT-CO_00355	15	0.17
FT	1908	15127	8809	6318	HCGP-FT-CO_01866	15	0.17
FT	1908	15127	8809	6318	HCGP-FT-CO_01768	15	0.17
FT	1908	15127	8809	6318	HCGP-FT-CO_01875	15	0.17
FT	1908	15127	8809	6318	HCGP-FT-CO_01736	15	0.17
FT	1908	15127	8809	6318	HCGP-FT-CO_01856	15	0.17
FT	1908	15127	8809	6318	HCGP-FT-CO_01417	15	0.17
FT	1908	15127	8809	6318	HCGP-FT-CO_01830	15	0.17
FT	1908	15127	8809	6318	HCGP-FT-CO_01882	15	0.17
FT	1908	15127	8809	6318	HCGP-FT-CO_01849	15	0.17
FT	1908	15127	8809	6318	HCGP-FT-CO_01818	15	0.17
FT	1908	15127	8809	6318	HCGP-FT-CO_01900	15	0.17
FT	1908	15127	8809	6318	HCGP-FT-CO_00356	15	0.17
FT	1908	15127	8809	6318	HCGP-FT-CO_01713	15	0.17
FT	1908	15127	8809	6318	HCGP-FT-CO_00074	15	0.17
FT	1908	15127	8809	6318	HCGP-FT-CO_01907	14	0.16
FT	1908	15127	8809	6318	HCGP-FT-CO_00018	14	0.16
FT	1908	15127	8809	6318	HCGP-FT-CO_00033	14	0.16
FT	1908	15127	8809	6318	HCGP-FT-CO_01757	14	0.16
FT	1908	15127	8809	6318	HCGP-FT-CO_01346	14	0.16
FT	1908	15127	8809	6318	HCGP-FT-CO_01519	14	0.16
FT	1908	15127	8809	6318	HCGP-FT-CO_00980	14	0.16
FT	1908	15127	8809	6318	HCGP-FT-CO_00025	14	0.16
FT	1908	15127	8809	6318	HCGP-FT-CO_00071	13	0.15
HN	1086	10245	4677	5568	HCGP-HN-CO_00194	154	3.29
HN	1086	10245	4677	5568	HCGP-HN-CO_00776	74	1.58
HN	1086	10245	4677	5568	HCGP-HN-CO_00878	65	1.39
HN	1086	10245	4677	5568	HCGP-HN-CO_00080	54	1.15
HN	1086	10245	4677	5568	HCGP-HN-CO_00685	50	1.07
HN	1086	10245	4677	5568	HCGP-HN-CO_00197	46	0.98
HN	1086	10245	4677	5568	HCGP-HN-CO_00462	45	0.96
HN	1086	10245	4677	5568	HCGP-HN-CO_00108	40	0.86
HN	1086	10245	4677	5568	HCGP-HN-CO_00581	33	0.71
HN	1086	10245	4677	5568	HCGP-HN-CO_00681	29	0.62
HN	1086	10245	4677	5568	HCGP-HN-CO_00240	28	0.60
HN	1086	10245	4677	5568	HCGP-HN-CO_00063	27	0.58
HN	1086	10245	4677	5568	HCGP-HN-CO_00229	27	0.58
HN	1086	10245	4677	5568	HCGP-HN-CO_00465	26	0.56
HN	1086	10245	4677	5568	HCGP-HN-CO_00097	25	0.53
HN	1086	10245	4677	5568	HCGP-HN-CO_00251	25	0.53
HN	1086	10245	4677	5568	HCGP-HN-CO_00201	25	0.53
HN	1086	10245	4677	5568	HCGP-HN-CO_00137	23	0.49
HN	1086	10245	4677	5568	HCGP-HN-CO_00274	23	0.49
HN	1086	10245	4677	5568	HCGP-HN-CO_00385	22	0.47
HN	1086	10245	4677	5568	HCGP-HN-CO_00584	22	0.47
HN	1086	10245	4677	5568	HCGP-HN-CO_00262	21	0.45
HN	1086	10245	4677	5568	HCGP-HN-CO_00285	21	0.45
HN	1086	10245	4677	5568	HCGP-HN-CO_00318	21	0.45
HN	1086	10245	4677	5568	HCGP-HN-CO_00322	20	0.43
HN	1086	10245	4677	5568	HCGP-HN-CO_00340	20	0.43
HN	1086	10245	4677	5568	HCGP-HN-CO_00407	20	0.43
HN	1086	10245	4677	5568	HCGP-HN-CO_00296	20	0.43
HN	1086	10245	4677	5568	HCGP-HN-CO_00449	19	0.41
HN	1086	10245	4677	5568	HCGP-HN-CO_00149	19	0.41
HN	1086	10245	4677	5568	HCGP-HN-CO_00428	19	0.41
HN	1086	10245	4677	5568	HCGP-HN-CO_00307	19	0.41
HN	1086	10245	4677	5568	HCGP-HN-CO_00396	19	0.41
HN	1086	10245	4677	5568	HCGP-HN-CO_00417	18	0.38
HN	1086	10245	4677	5568	HCGP-HN-CO_01085	18	0.38
HN	1086	10245	4677	5568	HCGP-HN-CO_00215	18	0.38
HN	1086	10245	4677	5568	HCGP-HN-CO_00162	17	0.36
HN	1086	10245	4677	5568	HCGP-HN-CO_00150	17	0.36
HN	1086	10245	4677	5568	HCGP-HN-CO_00580	17	0.36
HN	1086	10245	4677	5568	HCGP-HN-CO_00121	17	0.36
HN	1086	10245	4677	5568	HCGP-HN-CO_00439	16	0.34
HN	1086	10245	4677	5568	HCGP-HN-CO_00361	16	0.34
HN	1086	10245	4677	5568	HCGP-HN-CO_00373	16	0.34
HN	1086	10245	4677	5568	HCGP-HN-CO_00189	15	0.32
HN	1086	10245	4677	5568	HCGP-HN-CO_00547	15	0.32
HN	1086	10245	4677	5568	HCGP-HN-CO_00477	15	0.32
HN	1086	10245	4677	5568	HCGP-HN-CO_00501	15	0.32
HN	1086	10245	4677	5568	HCGP-HN-CO_00579	14	0.30
HN	1086	10245	4677	5568	HCGP-HN-CO_00557	14	0.30
HN	1086	10245	4677	5568	HCGP-HN-CO_00568	14	0.30
HN	1086	10245	4677	5568	HCGP-HN-CO_00488	14	0.30
HN	1086	10245	4677	5568	HCGP-HN-CO_00635	14	0.30
HN	1086	10245	4677	5568	HCGP-HN-CO_00605	14	0.30
HN	1086	10245	4677	5568	HCGP-HN-CO_00655	13	0.28
HN	1086	10245	4677	5568	HCGP-HN-CO_00665	13	0.28
HN	1086	10245	4677	5568	HCGP-HN-CO_00627	13	0.28
HN	1086	10245	4677	5568	HCGP-HN-CO_00536	13	0.28
HN	1086	10245	4677	5568	HCGP-HN-CO_00645	12	0.26
HN	1086	10245	4677	5568	HCGP-HN-CO_00680	12	0.26
HN	1086	10245	4677	5568	HCGP-HN-CO_00714	12	0.26
HN	1086	10245	4677	5568	HCGP-HN-CO_00199	12	0.26
HN	1086	10245	4677	5568	HCGP-HN-CO_00597	12	0.26
HN	1086	10245	4677	5568	HCGP-HN-CO_00204	11	0.24
HN	1086	10245	4677	5568	HCGP-HN-CO_00753	11	0.24
HN	1086	10245	4677	5568	HCGP-HN-CO_00816	11	0.24
HN	1086	10245	4677	5568	HCGP-HN-CO_00785	11	0.24
HN	1086	10245	4677	5568	HCGP-HN-CO_00763	11	0.24
HN	1086	10245	4677	5568	HCGP-HN-CO_00513	11	0.24
HN	1086	10245	4677	5568	HCGP-HN-CO_00191	11	0.24
HN	1086	10245	4677	5568	HCGP-HN-CO_00461	11	0.24
HN	1086	10245	4677	5568	HCGP-HN-CO_00805	11	0.24
HN	1086	10245	4677	5568	HCGP-HN-CO_00827	11	0.24
HN	1086	10245	4677	5568	HCGP-HN-CO_00695	11	0.24
HN	1086	10245	4677	5568	HCGP-HN-CO_00877	10	0.21
HN	1086	10245	4677	5568	HCGP-HN-CO_00838	10	0.21
HN	1086	10245	4677	5568	HCGP-HN-CO_00903	10	0.21
HN	1086	10245	4677	5568	HCGP-HN-CO_00202	10	0.21
HN	1086	10245	4677	5568	HCGP-HN-CO_00122	10	0.21
HN	1086	10245	4677	5568	HCGP-HN-CO_00943	10	0.21
HN	1086	10245	4677	5568	HCGP-HN-CO_00175	10	0.21
HN	1086	10245	4677	5568	HCGP-HN-CO_00868	10	0.21
HN	1086	10245	4677	5568	HCGP-HN-CO_00858	10	0.21
HN	1086	10245	4677	5568	HCGP-HN-CO_00922	10	0.21
HN	1086	10245	4677	5568	HCGP-HN-CO_00933	10	0.21
HN	1086	10245	4677	5568	HCGP-HN-CO_00583	10	0.21
HN	1086	10245	4677	5568	HCGP-HN-CO_01080	10	0.21
HN	1086	10245	4677	5568	HCGP-HN-CO_00986	9	0.19
HN	1086	10245	4677	5568	HCGP-HN-CO_01015	9	0.19
HN	1086	10245	4677	5568	HCGP-HN-CO_00464	9	0.19
HN	1086	10245	4677	5568	HCGP-HN-CO_01005	9	0.19
HN	1086	10245	4677	5568	HCGP-HN-CO_00974	9	0.19
HN	1086	10245	4677	5568	HCGP-HN-CO_00952	9	0.19
HN	1086	10245	4677	5568	HCGP-HN-CO_00704	9	0.19
HN	1086	10245	4677	5568	HCGP-HN-CO_00735	9	0.19
HN	1086	10245	4677	5568	HCGP-HN-CO_01053	9	0.19
HN	1086	10245	4677	5568	HCGP-HN-CO_00123	9	0.19
HN	1086	10245	4677	5568	HCGP-HN-CO_01025	9	0.19
HN	1086	10245	4677	5568	HCGP-HN-CO_00746	9	0.19
HN	1086	10245	4677	5568	HCGP-HN-CO_00675	9	0.19
HN	1086	10245	4677	5568	HCGP-HN-CO_01032	9	0.19
HT	13018	100435	62760	37675	HCGP-HT-CO_04012	839	1.34
HT	13018	100435	62760	37675	HCGP-HT-CO_03682	572	0.91
HT	13018	100435	62760	37675	HCGP-HT-CO_03298	442	0.70
HT	13018	100435	62760	37675	HCGP-HT-CO_04085	341	0.54
HT	13018	100435	62760	37675	HCGP-HT-CO_03615	282	0.45
HT	13018	100435	62760	37675	HCGP-HT-CO_04212	282	0.45
HT	13018	100435	62760	37675	HCGP-HT-CO_03432	279	0.44
HT	13018	100435	62760	37675	HCGP-HT-CO_03872	256	0.41
HT	13018	100435	62760	37675	HCGP-HT-CO_03959	250	0.40
HT	13018	100435	62760	37675	HCGP-HT-CO_04364	247	0.39
HT	13018	100435	62760	37675	HCGP-HT-CO_04385	243	0.39
HT	13018	100435	62760	37675	HCGP-HT-CO_03917	213	0.34
HT	13018	100435	62760	37675	HCGP-HT-CO_03580	177	0.28
HT	13018	100435	62760	37675	HCGP-HT-CO_06898	164	0.26
HT	13018	100435	62760	37675	HCGP-HT-CO_03603	149	0.24
HT	13018	100435	62760	37675	HCGP-HT-CO_04125	148	0.24
HT	13018	100435	62760	37675	HCGP-HT-CO_05750	145	0.23
HT	13018	100435	62760	37675	HCGP-HT-CO_09945	142	0.23
HT	13018	100435	62760	37675	HCGP-HT-CO_04118	142	0.23
HT	13018	100435	62760	37675	HCGP-HT-CO_04464	137	0.22
HT	13018	100435	62760	37675	HCGP-HT-CO_11923	129	0.21
HT	13018	100435	62760	37675	HCGP-HT-CO_03621	128	0.20
HT	13018	100435	62760	37675	HCGP-HT-CO_04091	117	0.19
HT	13018	100435	62760	37675	HCGP-HT-CO_04378	115	0.18
HT	13018	100435	62760	37675	HCGP-HT-CO_13016	108	0.17
HT	13018	100435	62760	37675	HCGP-HT-CO_03783	105	0.17
HT	13018	100435	62760	37675	HCGP-HT-CO_04451	101	0.16
HT	13018	100435	62760	37675	HCGP-HT-CO_04530	98	0.16
HT	13018	100435	62760	37675	HCGP-HT-CO_04526	98	0.16
HT	13018	100435	62760	37675	HCGP-HT-CO_04026	96	0.15
HT	13018	100435	62760	37675	HCGP-HT-CO_03188	95	0.15
HT	13018	100435	62760	37675	HCGP-HT-CO_04290	93	0.15
HT	13018	100435	62760	37675	HCGP-HT-CO_02678	93	0.15
HT	13018	100435	62760	37675	HCGP-HT-CO_03649	90	0.14
HT	13018	100435	62760	37675	HCGP-HT-CO_03374	88	0.14
HT	13018	100435	62760	37675	HCGP-HT-CO_03820	88	0.14
HT	13018	100435	62760	37675	HCGP-HT-CO_04925	86	0.14
HT	13018	100435	62760	37675	HCGP-HT-CO_05390	85	0.14
HT	13018	100435	62760	37675	HCGP-HT-CO_02069	84	0.13
HT	13018	100435	62760	37675	HCGP-HT-CO_04453	84	0.13
HT	13018	100435	62760	37675	HCGP-HT-CO_04030	84	0.13
HT	13018	100435	62760	37675	HCGP-HT-CO_04682	83	0.13
HT	13018	100435	62760	37675	HCGP-HT-CO_04048	83	0.13
HT	13018	100435	62760	37675	HCGP-HT-CO_05040	82	0.13
HT	13018	100435	62760	37675	HCGP-HT-CO_04317	82	0.13
HT	13018	100435	62760	37675	HCGP-HT-CO_05623	81	0.13
HT	13018	100435	62760	37675	HCGP-HT-CO_03729	80	0.13
HT	13018	100435	62760	37675	HCGP-HT-CO_06106	77	0.12
HT	13018	100435	62760	37675	HCGP-HT-CO_05749	74	0.12
HT	13018	100435	62760	37675	HCGP-HT-CO_04088	74	0.12
HT	13018	100435	62760	37675	HCGP-HT-CO_07988	74	0.12
HT	13018	100435	62760	37675	HCGP-HT-CO_03330	74	0.12
HT	13018	100435	62760	37675	HCGP-HT-CO_06566	73	0.12
HT	13018	100435	62760	37675	HCGP-HT-CO_04105	72	0.11
HT	13018	100435	62760	37675	HCGP-HT-CO_05868	72	0.11
HT	13018	100435	62760	37675	HCGP-HT-CO_05275	71	0.11
HT	13018	100435	62760	37675	HCGP-HT-CO_03556	71	0.11
HT	13018	100435	62760	37675	HCGP-HT-CO_03382	71	0.11
HT	13018	100435	62760	37675	HCGP-HT-CO_05741	71	0.11
HT	13018	100435	62760	37675	HCGP-HT-CO_03180	71	0.11
HT	13018	100435	62760	37675	HCGP-HT-CO_06675	69	0.11
HT	13018	100435	62760	37675	HCGP-HT-CO_06897	69	0.11
HT	13018	100435	62760	37675	HCGP-HT-CO_05513	67	0.11
HT	13018	100435	62760	37675	HCGP-HT-CO_10884	66	0.11
HT	13018	100435	62760	37675	HCGP-HT-CO_04806	66	0.11
HT	13018	100435	62760	37675	HCGP-HT-CO_03774	66	0.11
HT	13018	100435	62760	37675	HCGP-HT-CO_04034	64	0.10
HT	13018	100435	62760	37675	HCGP-HT-CO_06342	63	0.10
HT	13018	100435	62760	37675	HCGP-HT-CO_07219	63	0.10
HT	13018	100435	62760	37675	HCGP-HT-CO_06459	63	0.10
HT	13018	100435	62760	37675	HCGP-HT-CO_03954	63	0.10
HT	13018	100435	62760	37675	HCGP-HT-CO_04267	63	0.10
HT	13018	100435	62760	37675	HCGP-HT-CO_03678	61	0.10
HT	13018	100435	62760	37675	HCGP-HT-CO_04354	61	0.10
HT	13018	100435	62760	37675	HCGP-HT-CO_07112	60	0.10
HT	13018	100435	62760	37675	HCGP-HT-CO_07547	60	0.10
HT	13018	100435	62760	37675	HCGP-HT-CO_04203	60	0.10
HT	13018	100435	62760	37675	HCGP-HT-CO_04391	60	0.10
HT	13018	100435	62760	37675	HCGP-HT-CO_07445	60	0.10
HT	13018	100435	62760	37675	HCGP-HT-CO_03232	60	0.10
HT	13018	100435	62760	37675	HCGP-HT-CO_07653	59	0.09
HT	13018	100435	62760	37675	HCGP-HT-CO_08206	59	0.09
HT	13018	100435	62760	37675	HCGP-HT-CO_08430	59	0.09
HT	13018	100435	62760	37675	HCGP-HT-CO_04337	59	0.09
HT	13018	100435	62760	37675	HCGP-HT-CO_04408	58	0.09
HT	13018	100435	62760	37675	HCGP-HT-CO_08096	58	0.09
HT	13018	100435	62760	37675	HCGP-HT-CO_07760	58	0.09
HT	13018	100435	62760	37675	HCGP-HT-CO_03284	58	0.09
HT	13018	100435	62760	37675	HCGP-HT-CO_03805	57	0.09
HT	13018	100435	62760	37675	HCGP-HT-CO_03049	57	0.09
HT	13018	100435	62760	37675	HCGP-HT-CO_08911	57	0.09
HT	13018	100435	62760	37675	HCGP-HT-CO_03170	57	0.09
HT	13018	100435	62760	37675	HCGP-HT-CO_09004	57	0.09
HT	13018	100435	62760	37675	HCGP-HT-CO_03444	56	0.09
HT	13018	100435	62760	37675	HCGP-HT-CO_03429	56	0.09
HT	13018	100435	62760	37675	HCGP-HT-CO_02301	55	0.09
HT	13018	100435	62760	37675	HCGP-HT-CO_03173	55	0.09
HT	13018	100435	62760	37675	HCGP-HT-CO_03587	55	0.09
HT	13018	100435	62760	37675	HCGP-HT-CO_03490	55	0.09
HT	13018	100435	62760	37675	HCGP-HT-CO_07866	54	0.09
NN	7120	53459	31309	22150	HCGP-NN-CO_01419	640	2.04
NN	7120	53459	31309	22150	HCGP-NN-CO_02517	586	1.87
NN	7120	53459	31309	22150	HCGP-NN-CO_01236	171	0.55
NN	7120	53459	31309	22150	HCGP-NN-CO_03502	168	0.54
NN	7120	53459	31309	22150	HCGP-NN-CO_06999	159	0.51
NN	7120	53459	31309	22150	HCGP-NN-CO_07119	142	0.45
NN	7120	53459	31309	22150	HCGP-NN-CO_06563	121	0.39
NN	7120	53459	31309	22150	HCGP-NN-CO_00122	121	0.39
NN	7120	53459	31309	22150	HCGP-NN-CO_03484	120	0.38
NN	7120	53459	31309	22150	HCGP-NN-CO_05530	112	0.36
NN	7120	53459	31309	22150	HCGP-NN-CO_00236	111	0.35
NN	7120	53459	31309	22150	HCGP-NN-CO_01426	108	0.34
NN	7120	53459	31309	22150	HCGP-NN-CO_01196	108	0.34
NN	7120	53459	31309	22150	HCGP-NN-CO_01413	98	0.31
NN	7120	53459	31309	22150	HCGP-NN-CO_00591	95	0.30
NN	7120	53459	31309	22150	HCGP-NN-CO_01367	94	0.30
NN	7120	53459	31309	22150	HCGP-NN-CO_01300	93	0.30
NN	7120	53459	31309	22150	HCGP-NN-CO_00816	92	0.29
NN	7120	53459	31309	22150	HCGP-NN-CO_01430	85	0.27
NN	7120	53459	31309	22150	HCGP-NN-CO_00705	75	0.24
NN	7120	53459	31309	22150	HCGP-NN-CO_01171	75	0.24
NN	7120	53459	31309	22150	HCGP-NN-CO_01552	68	0.22
NN	7120	53459	31309	22150	HCGP-NN-CO_01990	68	0.22
NN	7120	53459	31309	22150	HCGP-NN-CO_01874	67	0.21
NN	7120	53459	31309	22150	HCGP-NN-CO_02195	66	0.21
NN	7120	53459	31309	22150	HCGP-NN-CO_02411	65	0.21
NN	7120	53459	31309	22150	HCGP-NN-CO_02092	65	0.21
NN	7120	53459	31309	22150	HCGP-NN-CO_02514	64	0.20
NN	7120	53459	31309	22150	HCGP-NN-CO_01422	63	0.20
NN	7120	53459	31309	22150	HCGP-NN-CO_01653	62	0.20
NN	7120	53459	31309	22150	HCGP-NN-CO_05524	60	0.19
NN	7120	53459	31309	22150	HCGP-NN-CO_01411	60	0.19
NN	7120	53459	31309	22150	HCGP-NN-CO_02837	58	0.19
NN	7120	53459	31309	22150	HCGP-NN-CO_00360	58	0.19
NN	7120	53459	31309	22150	HCGP-NN-CO_02737	57	0.18
NN	7120	53459	31309	22150	HCGP-NN-CO_03308	56	0.18
NN	7120	53459	31309	22150	HCGP-NN-CO_03127	55	0.18
NN	7120	53459	31309	22150	HCGP-NN-CO_03481	52	0.17
NN	7120	53459	31309	22150	HCGP-NN-CO_03588	49	0.16
NN	7120	53459	31309	22150	HCGP-NN-CO_03493	48	0.15
NN	7120	53459	31309	22150	HCGP-NN-CO_02630	47	0.15
NN	7120	53459	31309	22150	HCGP-NN-CO_03658	47	0.15
NN	7120	53459	31309	22150	HCGP-NN-CO_04113	45	0.14
NN	7120	53459	31309	22150	HCGP-NN-CO_03034	44	0.14
NN	7120	53459	31309	22150	HCGP-NN-CO_01056	44	0.14
NN	7120	53459	31309	22150	HCGP-NN-CO_03928	43	0.14
NN	7120	53459	31309	22150	HCGP-NN-CO_04023	43	0.14
NN	7120	53459	31309	22150	HCGP-NN-CO_01439	43	0.14
NN	7120	53459	31309	22150	HCGP-NN-CO_01431	41	0.13
NN	7120	53459	31309	22150	HCGP-NN-CO_01417	41	0.13
NN	7120	53459	31309	22150	HCGP-NN-CO_04389	40	0.13
NN	7120	53459	31309	22150	HCGP-NN-CO_03489	39	0.12
NN	7120	53459	31309	22150	HCGP-NN-CO_04760	39	0.12
NN	7120	53459	31309	22150	HCGP-NN-CO_01761	38	0.12
NN	7120	53459	31309	22150	HCGP-NN-CO_00473	38	0.12
NN	7120	53459	31309	22150	HCGP-NN-CO_05192	37	0.12
NN	7120	53459	31309	22150	HCGP-NN-CO_00933	37	0.12
NN	7120	53459	31309	22150	HCGP-NN-CO_04976	37	0.12
NN	7120	53459	31309	22150	HCGP-NN-CO_01217	35	0.11
NN	7120	53459	31309	22150	HCGP-NN-CO_03222	35	0.11
NN	7120	53459	31309	22150	HCGP-NN-CO_06034	35	0.11
NN	7120	53459	31309	22150	HCGP-NN-CO_05520	35	0.11
NN	7120	53459	31309	22150	HCGP-NN-CO_05935	35	0.11
NN	7120	53459	31309	22150	HCGP-NN-CO_05636	34	0.11
NN	7120	53459	31309	22150	HCGP-NN-CO_01340	33	0.11
NN	7120	53459	31309	22150	HCGP-NN-CO_05738	33	0.11
NN	7120	53459	31309	22150	HCGP-NN-CO_05413	33	0.11
NN	7120	53459	31309	22150	HCGP-NN-CO_06343	33	0.11
NN	7120	53459	31309	22150	HCGP-NN-CO_04209	32	0.10
NN	7120	53459	31309	22150	HCGP-NN-CO_05836	32	0.10
NN	7120	53459	31309	22150	HCGP-NN-CO_06551	31	0.10
NN	7120	53459	31309	22150	HCGP-NN-CO_01055	31	0.10
NN	7120	53459	31309	22150	HCGP-NN-CO_06138	31	0.10
NN	7120	53459	31309	22150	HCGP-NN-CO_04869	30	0.10
NN	7120	53459	31309	22150	HCGP-NN-CO_01432	30	0.10
NN	7120	53459	31309	22150	HCGP-NN-CO_06894	30	0.10
NN	7120	53459	31309	22150	HCGP-NN-CO_06837	30	0.10
NN	7120	53459	31309	22150	HCGP-NN-CO_06671	30	0.10
NN	7120	53459	31309	22150	HCGP-NN-CO_06817	30	0.10
NN	7120	53459	31309	22150	HCGP-NN-CO_02934	30	0.10
NN	7120	53459	31309	22150	HCGP-NN-CO_03386	29	0.09
NN	7120	53459	31309	22150	HCGP-NN-CO_01319	29	0.09
NN	7120	53459	31309	22150	HCGP-NN-CO_06827	29	0.09
NN	7120	53459	31309	22150	HCGP-NN-CO_06957	28	0.09
NN	7120	53459	31309	22150	HCGP-NN-CO_05304	28	0.09
NN	7120	53459	31309	22150	HCGP-NN-CO_03746	28	0.09
NN	7120	53459	31309	22150	HCGP-NN-CO_06751	28	0.09
NN	7120	53459	31309	22150	HCGP-NN-CO_01329	27	0.09
NN	7120	53459	31309	22150	HCGP-NN-CO_05529	27	0.09
NN	7120	53459	31309	22150	HCGP-NN-CO_07046	27	0.09
NN	7120	53459	31309	22150	HCGP-NN-CO_07036	27	0.09
NN	7120	53459	31309	22150	HCGP-NN-CO_07118	26	0.08
NN	7120	53459	31309	22150	HCGP-NN-CO_06883	26	0.08
NN	7120	53459	31309	22150	HCGP-NN-CO_07070	26	0.08
NN	7120	53459	31309	22150	HCGP-NN-CO_00359	26	0.08
NN	7120	53459	31309	22150	HCGP-NN-CO_05527	26	0.08
NN	7120	53459	31309	22150	HCGP-NN-CO_00022	25	0.08
NN	7120	53459	31309	22150	HCGP-NN-CO_07093	25	0.08
NN	7120	53459	31309	22150	HCGP-NN-CO_07105	25	0.08
NN	7120	53459	31309	22150	HCGP-NN-CO_06804	25	0.08
NT	4674	36093	17775	18318	HCGP-NT-CO_01159	375	2.11
NT	4674	36093	17775	18318	HCGP-NT-CO_01328	288	1.62
NT	4674	36093	17775	18318	HCGP-NT-CO_01274	148	0.83
NT	4674	36093	17775	18318	HCGP-NT-CO_04063	135	0.76
NT	4674	36093	17775	18318	HCGP-NT-CO_04186	128	0.72
NT	4674	36093	17775	18318	HCGP-NT-CO_02360	121	0.68
NT	4674	36093	17775	18318	HCGP-NT-CO_04553	87	0.49
NT	4674	36093	17775	18318	HCGP-NT-CO_04436	76	0.43
NT	4674	36093	17775	18318	HCGP-NT-CO_00230	72	0.41
NT	4674	36093	17775	18318	HCGP-NT-CO_00572	66	0.37
NT	4674	36093	17775	18318	HCGP-NT-CO_00462	63	0.35
NT	4674	36093	17775	18318	HCGP-NT-CO_02364	62	0.35
NT	4674	36093	17775	18318	HCGP-NT-CO_04673	60	0.34
NT	4674	36093	17775	18318	HCGP-NT-CO_00689	60	0.34
NT	4674	36093	17775	18318	HCGP-NT-CO_01084	59	0.33
NT	4674	36093	17775	18318	HCGP-NT-CO_00993	57	0.32
NT	4674	36093	17775	18318	HCGP-NT-CO_01162	52	0.29
NT	4674	36093	17775	18318	HCGP-NT-CO_01099	51	0.29
NT	4674	36093	17775	18318	HCGP-NT-CO_01293	49	0.28
NT	4674	36093	17775	18318	HCGP-NT-CO_01081	48	0.27
NT	4674	36093	17775	18318	HCGP-NT-CO_00800	45	0.25
NT	4674	36093	17775	18318	HCGP-NT-CO_01776	44	0.25
NT	4674	36093	17775	18318	HCGP-NT-CO_01960	42	0.24
NT	4674	36093	17775	18318	HCGP-NT-CO_01586	41	0.23
NT	4674	36093	17775	18318	HCGP-NT-CO_01865	40	0.23
NT	4674	36093	17775	18318	HCGP-NT-CO_01135	39	0.22
NT	4674	36093	17775	18318	HCGP-NT-CO_01192	39	0.22
NT	4674	36093	17775	18318	HCGP-NT-CO_02058	39	0.22
NT	4674	36093	17775	18318	HCGP-NT-CO_03452	39	0.22
NT	4674	36093	17775	18318	HCGP-NT-CO_01490	38	0.21
NT	4674	36093	17775	18318	HCGP-NT-CO_00118	35	0.20
NT	4674	36093	17775	18318	HCGP-NT-CO_00345	34	0.19
NT	4674	36093	17775	18318	HCGP-NT-CO_02474	34	0.19
NT	4674	36093	17775	18318	HCGP-NT-CO_01236	33	0.19
NT	4674	36093	17775	18318	HCGP-NT-CO_02688	33	0.19
NT	4674	36093	17775	18318	HCGP-NT-CO_02359	32	0.18
NT	4674	36093	17775	18318	HCGP-NT-CO_03457	30	0.17
NT	4674	36093	17775	18318	HCGP-NT-CO_03239	30	0.17
NT	4674	36093	17775	18318	HCGP-NT-CO_03666	29	0.16
NT	4674	36093	17775	18318	HCGP-NT-CO_03982	29	0.16
NT	4674	36093	17775	18318	HCGP-NT-CO_04025	26	0.15
NT	4674	36093	17775	18318	HCGP-NT-CO_04038	26	0.15
NT	4674	36093	17775	18318	HCGP-NT-CO_03448	26	0.15
NT	4674	36093	17775	18318	HCGP-NT-CO_04013	26	0.15
NT	4674	36093	17775	18318	HCGP-NT-CO_04133	25	0.14
NT	4674	36093	17775	18318	HCGP-NT-CO_04120	25	0.14
NT	4674	36093	17775	18318	HCGP-NT-CO_02800	25	0.14
NT	4674	36093	17775	18318	HCGP-NT-CO_04085	25	0.14
NT	4674	36093	17775	18318	HCGP-NT-CO_03771	25	0.14
NT	4674	36093	17775	18318	HCGP-NT-CO_04145	25	0.14
NT	4674	36093	17775	18318	HCGP-NT-CO_04061	25	0.14
NT	4674	36093	17775	18318	HCGP-NT-CO_01217	25	0.14
NT	4674	36093	17775	18318	HCGP-NT-CO_04074	25	0.14
NT	4674	36093	17775	18318	HCGP-NT-CO_01198	24	0.14
NT	4674	36093	17775	18318	HCGP-NT-CO_03347	23	0.13
NT	4674	36093	17775	18318	HCGP-NT-CO_02911	23	0.13
NT	4674	36093	17775	18318	HCGP-NT-CO_04223	23	0.13
NT	4674	36093	17775	18318	HCGP-NT-CO_04265	23	0.13
NT	4674	36093	17775	18318	HCGP-NT-CO_04211	22	0.12
NT	4674	36093	17775	18318	HCGP-NT-CO_01174	22	0.12
NT	4674	36093	17775	18318	HCGP-NT-CO_02155	22	0.12
NT	4674	36093	17775	18318	HCGP-NT-CO_04437	21	0.12
NT	4674	36093	17775	18318	HCGP-NT-CO_04400	21	0.12
NT	4674	36093	17775	18318	HCGP-NT-CO_04435	21	0.12
NT	4674	36093	17775	18318	HCGP-NT-CO_04377	21	0.12
NT	4674	36093	17775	18318	HCGP-NT-CO_04303	21	0.12
NT	4674	36093	17775	18318	HCGP-NT-CO_02253	20	0.11
NT	4674	36093	17775	18318	HCGP-NT-CO_04540	20	0.11
NT	4674	36093	17775	18318	HCGP-NT-CO_04051	20	0.11
NT	4674	36093	17775	18318	HCGP-NT-CO_03021	20	0.11
NT	4674	36093	17775	18318	HCGP-NT-CO_04291	20	0.11
NT	4674	36093	17775	18318	HCGP-NT-CO_04447	20	0.11
NT	4674	36093	17775	18318	HCGP-NT-CO_04388	20	0.11
NT	4674	36093	17775	18318	HCGP-NT-CO_04480	20	0.11
NT	4674	36093	17775	18318	HCGP-NT-CO_04503	20	0.11
NT	4674	36093	17775	18318	HCGP-NT-CO_04313	20	0.11
NT	4674	36093	17775	18318	HCGP-NT-CO_01153	20	0.11
NT	4674	36093	17775	18318	HCGP-NT-CO_04327	19	0.11
NT	4674	36093	17775	18318	HCGP-NT-CO_04351	19	0.11
NT	4674	36093	17775	18318	HCGP-NT-CO_04470	19	0.11
NT	4674	36093	17775	18318	HCGP-NT-CO_04411	19	0.11
NT	4674	36093	17775	18318	HCGP-NT-CO_04577	19	0.11
NT	4674	36093	17775	18318	HCGP-NT-CO_00903	19	0.11
NT	4674	36093	17775	18318	HCGP-NT-CO_04109	19	0.11
NT	4674	36093	17775	18318	HCGP-NT-CO_04529	18	0.10
NT	4674	36093	17775	18318	HCGP-NT-CO_04565	18	0.10
NT	4674	36093	17775	18318	HCGP-NT-CO_01182	18	0.10
NT	4674	36093	17775	18318	HCGP-NT-CO_02362	18	0.10
NT	4674	36093	17775	18318	HCGP-NT-CO_04458	18	0.10
NT	4674	36093	17775	18318	HCGP-NT-CO_04611	18	0.10
NT	4674	36093	17775	18318	HCGP-NT-CO_03450	17	0.10
NT	4674	36093	17775	18318	HCGP-NT-CO_00070	17	0.10
NT	4674	36093	17775	18318	HCGP-NT-CO_03876	17	0.10
NT	4674	36093	17775	18318	HCGP-NT-CO_02252	17	0.10
NT	4674	36093	17775	18318	HCGP-NT-CO_04168	17	0.10
NT	4674	36093	17775	18318	HCGP-NT-CO_03456	17	0.10
NT	4674	36093	17775	18318	HCGP-NT-CO_04658	17	0.10
NT	4674	36093	17775	18318	HCGP-NT-CO_00103	17	0.10
NT	4674	36093	17775	18318	HCGP-NT-CO_00144	17	0.10
NT	4674	36093	17775	18318	HCGP-NT-CO_00081	17	0.10
SN	850	6565	3267	3298	HCGP-SN-CO_00112	115	3.52
SN	850	6565	3267	3298	HCGP-SN-CO_00442	73	2.23
SN	850	6565	3267	3298	HCGP-SN-CO_00350	68	2.08
SN	850	6565	3267	3298	HCGP-SN-CO_00119	55	1.68
SN	850	6565	3267	3298	HCGP-SN-CO_00544	46	1.41
SN	850	6565	3267	3298	HCGP-SN-CO_00645	42	1.29
SN	850	6565	3267	3298	HCGP-SN-CO_00114	32	0.98
SN	850	6565	3267	3298	HCGP-SN-CO_00838	29	0.89
SN	850	6565	3267	3298	HCGP-SN-CO_00850	29	0.89
SN	850	6565	3267	3298	HCGP-SN-CO_00115	26	0.80
SN	850	6565	3267	3298	HCGP-SN-CO_00022	23	0.70
SN	850	6565	3267	3298	HCGP-SN-CO_00054	21	0.64
SN	850	6565	3267	3298	HCGP-SN-CO_00011	21	0.64
SN	850	6565	3267	3298	HCGP-SN-CO_00031	20	0.61
SN	850	6565	3267	3298	HCGP-SN-CO_00065	19	0.58
SN	850	6565	3267	3298	HCGP-SN-CO_00085	19	0.58
SN	850	6565	3267	3298	HCGP-SN-CO_00130	17	0.52
SN	850	6565	3267	3298	HCGP-SN-CO_00075	17	0.52
SN	850	6565	3267	3298	HCGP-SN-CO_00239	15	0.46
SN	850	6565	3267	3298	HCGP-SN-CO_00167	15	0.46
SN	850	6565	3267	3298	HCGP-SN-CO_00197	14	0.43
SN	850	6565	3267	3298	HCGP-SN-CO_00208	14	0.43
SN	850	6565	3267	3298	HCGP-SN-CO_00230	13	0.40
SN	850	6565	3267	3298	HCGP-SN-CO_00219	13	0.40
SN	850	6565	3267	3298	HCGP-SN-CO_00749	13	0.40
SN	850	6565	3267	3298	HCGP-SN-CO_00253	12	0.37
SN	850	6565	3267	3298	HCGP-SN-CO_00298	12	0.37
SN	850	6565	3267	3298	HCGP-SN-CO_00308	12	0.37
SN	850	6565	3267	3298	HCGP-SN-CO_00264	12	0.37
SN	850	6565	3267	3298	HCGP-SN-CO_00318	11	0.34
SN	850	6565	3267	3298	HCGP-SN-CO_00362	11	0.34
SN	850	6565	3267	3298	HCGP-SN-CO_00351	11	0.34
SN	850	6565	3267	3298	HCGP-SN-CO_00747	11	0.34
SN	850	6565	3267	3298	HCGP-SN-CO_00043	11	0.34
SN	850	6565	3267	3298	HCGP-SN-CO_00342	11	0.34
SN	850	6565	3267	3298	HCGP-SN-CO_00372	11	0.34
SN	850	6565	3267	3298	HCGP-SN-CO_00287	11	0.34
SN	850	6565	3267	3298	HCGP-SN-CO_00394	10	0.31
SN	850	6565	3267	3298	HCGP-SN-CO_00412	10	0.31
SN	850	6565	3267	3298	HCGP-SN-CO_00403	10	0.31
SN	850	6565	3267	3298	HCGP-SN-CO_00110	9	0.28
SN	850	6565	3267	3298	HCGP-SN-CO_00386	9	0.28
SN	850	6565	3267	3298	HCGP-SN-CO_00240	9	0.28
SN	850	6565	3267	3298	HCGP-SN-CO_00464	9	0.28
SN	850	6565	3267	3298	HCGP-SN-CO_00453	9	0.28
SN	850	6565	3267	3298	HCGP-SN-CO_00483	9	0.28
SN	850	6565	3267	3298	HCGP-SN-CO_00242	9	0.28
SN	850	6565	3267	3298	HCGP-SN-CO_00117	9	0.28
SN	850	6565	3267	3298	HCGP-SN-CO_00543	8	0.24
SN	850	6565	3267	3298	HCGP-SN-CO_00748	8	0.24
SN	850	6565	3267	3298	HCGP-SN-CO_00513	8	0.24
SN	850	6565	3267	3298	HCGP-SN-CO_00502	8	0.24
SN	850	6565	3267	3298	HCGP-SN-CO_00562	8	0.24
SN	850	6565	3267	3298	HCGP-SN-CO_00492	8	0.24
SN	850	6565	3267	3298	HCGP-SN-CO_00430	8	0.24
SN	850	6565	3267	3298	HCGP-SN-CO_00582	8	0.24
SN	850	6565	3267	3298	HCGP-SN-CO_00439	8	0.24
SN	850	6565	3267	3298	HCGP-SN-CO_00142	8	0.24
SN	850	6565	3267	3298	HCGP-SN-CO_00622	7	0.21
SN	850	6565	3267	3298	HCGP-SN-CO_00642	7	0.21
SN	850	6565	3267	3298	HCGP-SN-CO_00111	7	0.21
SN	850	6565	3267	3298	HCGP-SN-CO_00593	7	0.21
SN	850	6565	3267	3298	HCGP-SN-CO_00781	7	0.21
SN	850	6565	3267	3298	HCGP-SN-CO_00715	7	0.21
SN	850	6565	3267	3298	HCGP-SN-CO_00760	7	0.21
SN	850	6565	3267	3298	HCGP-SN-CO_00523	7	0.21
SN	850	6565	3267	3298	HCGP-SN-CO_00696	7	0.21
SN	850	6565	3267	3298	HCGP-SN-CO_00571	7	0.21
SN	850	6565	3267	3298	HCGP-SN-CO_00726	7	0.21
SN	850	6565	3267	3298	HCGP-SN-CO_00602	7	0.21
SN	850	6565	3267	3298	HCGP-SN-CO_00791	7	0.21
SN	850	6565	3267	3298	HCGP-SN-CO_00686	7	0.21
SN	850	6565	3267	3298	HCGP-SN-CO_00632	7	0.21
SN	850	6565	3267	3298	HCGP-SN-CO_00612	7	0.21
SN	850	6565	3267	3298	HCGP-SN-CO_00422	7	0.21
SN	850	6565	3267	3298	HCGP-SN-CO_00770	7	0.21
SN	850	6565	3267	3298	HCGP-SN-CO_00380	7	0.21
SN	850	6565	3267	3298	HCGP-SN-CO_00097	7	0.21
SN	850	6565	3267	3298	HCGP-SN-CO_00243	7	0.21
SN	850	6565	3267	3298	HCGP-SN-CO_00812	6	0.18
SN	850	6565	3267	3298	HCGP-SN-CO_00840	6	0.18
SN	850	6565	3267	3298	HCGP-SN-CO_00844	6	0.18
SN	850	6565	3267	3298	HCGP-SN-CO_00675	6	0.18
SN	850	6565	3267	3298	HCGP-SN-CO_00656	6	0.18
SN	850	6565	3267	3298	HCGP-SN-CO_00846	6	0.18
SN	850	6565	3267	3298	HCGP-SN-CO_00746	6	0.18
SN	850	6565	3267	3298	HCGP-SN-CO_00845	6	0.18
SN	850	6565	3267	3298	HCGP-SN-CO_00276	6	0.18
SN	850	6565	3267	3298	HCGP-SN-CO_00118	6	0.18
SN	850	6565	3267	3298	HCGP-SN-CO_00238	6	0.18
SN	850	6565	3267	3298	HCGP-SN-CO_00737	6	0.18
SN	850	6565	3267	3298	HCGP-SN-CO_00842	6	0.18
SN	850	6565	3267	3298	HCGP-SN-CO_00839	6	0.18
SN	850	6565	3267	3298	HCGP-SN-CO_00843	6	0.18
SN	850	6565	3267	3298	HCGP-SN-CO_00187	6	0.18
SN	850	6565	3267	3298	HCGP-SN-CO_00010	5	0.15
SN	850	6565	3267	3298	HCGP-SN-CO_00021	5	0.15
SN	850	6565	3267	3298	HCGP-SN-CO_00007	5	0.15
SN	850	6565	3267	3298	HCGP-SN-CO_00155	5	0.15
SN	850	6565	3267	3298	HCGP-SN-CO_00006	5	0.15
ST	3383	27607	19124	8483	HCGP-ST-CO_02426	578	3.02
ST	3383	27607	19124	8483	HCGP-ST-CO_02644	224	1.17
ST	3383	27607	19124	8483	HCGP-ST-CO_01289	224	1.17
ST	3383	27607	19124	8483	HCGP-ST-CO_02898	205	1.07
ST	3383	27607	19124	8483	HCGP-ST-CO_03023	191	1.00
ST	3383	27607	19124	8483	HCGP-ST-CO_03265	153	0.80
ST	3383	27607	19124	8483	HCGP-ST-CO_01110	152	0.79
ST	3383	27607	19124	8483	HCGP-ST-CO_00222	133	0.70
ST	3383	27607	19124	8483	HCGP-ST-CO_01372	129	0.67
ST	3383	27607	19124	8483	HCGP-ST-CO_01395	122	0.64
ST	3383	27607	19124	8483	HCGP-ST-CO_02427	118	0.62
ST	3383	27607	19124	8483	HCGP-ST-CO_03382	117	0.61
ST	3383	27607	19124	8483	HCGP-ST-CO_01376	116	0.61
ST	3383	27607	19124	8483	HCGP-ST-CO_02769	112	0.59
ST	3383	27607	19124	8483	HCGP-ST-CO_00336	111	0.58
ST	3383	27607	19124	8483	HCGP-ST-CO_00445	111	0.58
ST	3383	27607	19124	8483	HCGP-ST-CO_01088	104	0.54
ST	3383	27607	19124	8483	HCGP-ST-CO_03142	103	0.54
ST	3383	27607	19124	8483	HCGP-ST-CO_01109	97	0.51
ST	3383	27607	19124	8483	HCGP-ST-CO_00113	95	0.50
ST	3383	27607	19124	8483	HCGP-ST-CO_00996	92	0.48
ST	3383	27607	19124	8483	HCGP-ST-CO_01097	91	0.48
ST	3383	27607	19124	8483	HCGP-ST-CO_01494	87	0.45
ST	3383	27607	19124	8483	HCGP-ST-CO_01592	84	0.44
ST	3383	27607	19124	8483	HCGP-ST-CO_01154	82	0.43
ST	3383	27607	19124	8483	HCGP-ST-CO_00563	82	0.43
ST	3383	27607	19124	8483	HCGP-ST-CO_01906	81	0.42
ST	3383	27607	19124	8483	HCGP-ST-CO_02768	79	0.41
ST	3383	27607	19124	8483	HCGP-ST-CO_01389	77	0.40
ST	3383	27607	19124	8483	HCGP-ST-CO_01689	73	0.38
ST	3383	27607	19124	8483	HCGP-ST-CO_01327	72	0.38
ST	3383	27607	19124	8483	HCGP-ST-CO_01338	66	0.35
ST	3383	27607	19124	8483	HCGP-ST-CO_00901	66	0.35
ST	3383	27607	19124	8483	HCGP-ST-CO_01387	65	0.34
ST	3383	27607	19124	8483	HCGP-ST-CO_00677	64	0.33
ST	3383	27607	19124	8483	HCGP-ST-CO_01332	62	0.32
ST	3383	27607	19124	8483	HCGP-ST-CO_02113	57	0.30
ST	3383	27607	19124	8483	HCGP-ST-CO_02009	53	0.28
ST	3383	27607	19124	8483	HCGP-ST-CO_01120	53	0.28
ST	3383	27607	19124	8483	HCGP-ST-CO_02216	53	0.28
ST	3383	27607	19124	8483	HCGP-ST-CO_01150	52	0.27
ST	3383	27607	19124	8483	HCGP-ST-CO_01093	45	0.24
ST	3383	27607	19124	8483	HCGP-ST-CO_01156	45	0.24
ST	3383	27607	19124	8483	HCGP-ST-CO_01092	44	0.23
ST	3383	27607	19124	8483	HCGP-ST-CO_01116	43	0.22
ST	3383	27607	19124	8483	HCGP-ST-CO_01132	41	0.21
ST	3383	27607	19124	8483	HCGP-ST-CO_00900	41	0.21
ST	3383	27607	19124	8483	HCGP-ST-CO_02605	40	0.21
ST	3383	27607	19124	8483	HCGP-ST-CO_01095	39	0.20
ST	3383	27607	19124	8483	HCGP-ST-CO_02631	39	0.20
ST	3383	27607	19124	8483	HCGP-ST-CO_02668	38	0.20
ST	3383	27607	19124	8483	HCGP-ST-CO_02619	38	0.20
ST	3383	27607	19124	8483	HCGP-ST-CO_02581	36	0.19
ST	3383	27607	19124	8483	HCGP-ST-CO_02656	36	0.19
ST	3383	27607	19124	8483	HCGP-ST-CO_02642	36	0.19
ST	3383	27607	19124	8483	HCGP-ST-CO_02424	35	0.18
ST	3383	27607	19124	8483	HCGP-ST-CO_01276	35	0.18
ST	3383	27607	19124	8483	HCGP-ST-CO_02705	35	0.18
ST	3383	27607	19124	8483	HCGP-ST-CO_02592	35	0.18
ST	3383	27607	19124	8483	HCGP-ST-CO_02693	34	0.18
ST	3383	27607	19124	8483	HCGP-ST-CO_02716	33	0.17
ST	3383	27607	19124	8483	HCGP-ST-CO_02726	32	0.17
ST	3383	27607	19124	8483	HCGP-ST-CO_01377	31	0.16
ST	3383	27607	19124	8483	HCGP-ST-CO_01244	31	0.16
ST	3383	27607	19124	8483	HCGP-ST-CO_02569	31	0.16
ST	3383	27607	19124	8483	HCGP-ST-CO_02737	31	0.16
ST	3383	27607	19124	8483	HCGP-ST-CO_01366	31	0.16
ST	3383	27607	19124	8483	HCGP-ST-CO_02751	30	0.16
ST	3383	27607	19124	8483	HCGP-ST-CO_02785	30	0.16
ST	3383	27607	19124	8483	HCGP-ST-CO_02847	30	0.16
ST	3383	27607	19124	8483	HCGP-ST-CO_01217	30	0.16
ST	3383	27607	19124	8483	HCGP-ST-CO_01801	30	0.16
ST	3383	27607	19124	8483	HCGP-ST-CO_02556	29	0.15
ST	3383	27607	19124	8483	HCGP-ST-CO_02314	29	0.15
ST	3383	27607	19124	8483	HCGP-ST-CO_02822	29	0.15
ST	3383	27607	19124	8483	HCGP-ST-CO_02796	29	0.15
ST	3383	27607	19124	8483	HCGP-ST-CO_02834	28	0.15
ST	3383	27607	19124	8483	HCGP-ST-CO_03144	28	0.15
ST	3383	27607	19124	8483	HCGP-ST-CO_02869	28	0.15
ST	3383	27607	19124	8483	HCGP-ST-CO_03009	27	0.14
ST	3383	27607	19124	8483	HCGP-ST-CO_02999	27	0.14
ST	3383	27607	19124	8483	HCGP-ST-CO_02925	27	0.14
ST	3383	27607	19124	8483	HCGP-ST-CO_01370	26	0.14
ST	3383	27607	19124	8483	HCGP-ST-CO_02988	26	0.14
ST	3383	27607	19124	8483	HCGP-ST-CO_03044	26	0.14
ST	3383	27607	19124	8483	HCGP-ST-CO_02937	26	0.14
ST	3383	27607	19124	8483	HCGP-ST-CO_01279	26	0.14
ST	3383	27607	19124	8483	HCGP-ST-CO_03143	26	0.14
ST	3383	27607	19124	8483	HCGP-ST-CO_02896	25	0.13
ST	3383	27607	19124	8483	HCGP-ST-CO_03020	25	0.13
ST	3383	27607	19124	8483	HCGP-ST-CO_01215	25	0.13
ST	3383	27607	19124	8483	HCGP-ST-CO_03079	25	0.13
ST	3383	27607	19124	8483	HCGP-ST-CO_02859	25	0.13
ST	3383	27607	19124	8483	HCGP-ST-CO_02809	25	0.13
ST	3383	27607	19124	8483	HCGP-ST-CO_03216	24	0.13
ST	3383	27607	19124	8483	HCGP-ST-CO_02542	24	0.13
ST	3383	27607	19124	8483	HCGP-ST-CO_03105	24	0.13
ST	3383	27607	19124	8483	HCGP-ST-CO_02914	24	0.13
ST	3383	27607	19124	8483	HCGP-ST-CO_03312	23	0.12
ST	3383	27607	19124	8483	HCGP-ST-CO_03157	23	0.12
TN	2371	16609	8444	8165	HCGP-TN-CO_01550	98	1.16
TN	2371	16609	8444	8165	HCGP-TN-CO_01811	77	0.91
TN	2371	16609	8444	8165	HCGP-TN-CO_01925	76	0.90
TN	2371	16609	8444	8165	HCGP-TN-CO_02371	53	0.63
TN	2371	16609	8444	8165	HCGP-TN-CO_00107	52	0.62
TN	2371	16609	8444	8165	HCGP-TN-CO_02263	52	0.62
TN	2371	16609	8444	8165	HCGP-TN-CO_00207	46	0.54
TN	2371	16609	8444	8165	HCGP-TN-CO_00462	42	0.50
TN	2371	16609	8444	8165	HCGP-TN-CO_00650	40	0.47
TN	2371	16609	8444	8165	HCGP-TN-CO_00554	40	0.47
TN	2371	16609	8444	8165	HCGP-TN-CO_00308	38	0.45
TN	2371	16609	8444	8165	HCGP-TN-CO_01119	34	0.40
TN	2371	16609	8444	8165	HCGP-TN-CO_00964	33	0.39
TN	2371	16609	8444	8165	HCGP-TN-CO_01422	32	0.38
TN	2371	16609	8444	8165	HCGP-TN-CO_01478	32	0.38
TN	2371	16609	8444	8165	HCGP-TN-CO_00391	31	0.37
TN	2371	16609	8444	8165	HCGP-TN-CO_01500	30	0.36
TN	2371	16609	8444	8165	HCGP-TN-CO_01490	30	0.36
TN	2371	16609	8444	8165	HCGP-TN-CO_00757	28	0.33
TN	2371	16609	8444	8165	HCGP-TN-CO_01512	28	0.33
TN	2371	16609	8444	8165	HCGP-TN-CO_01570	28	0.33
TN	2371	16609	8444	8165	HCGP-TN-CO_01553	26	0.31
TN	2371	16609	8444	8165	HCGP-TN-CO_01623	26	0.31
TN	2371	16609	8444	8165	HCGP-TN-CO_01216	26	0.31
TN	2371	16609	8444	8165	HCGP-TN-CO_01635	25	0.30
TN	2371	16609	8444	8165	HCGP-TN-CO_01538	25	0.30
TN	2371	16609	8444	8165	HCGP-TN-CO_01645	25	0.30
TN	2371	16609	8444	8165	HCGP-TN-CO_01539	24	0.28
TN	2371	16609	8444	8165	HCGP-TN-CO_01321	23	0.27
TN	2371	16609	8444	8165	HCGP-TN-CO_01768	21	0.25
TN	2371	16609	8444	8165	HCGP-TN-CO_01744	20	0.24
TN	2371	16609	8444	8165	HCGP-TN-CO_01665	20	0.24
TN	2371	16609	8444	8165	HCGP-TN-CO_01598	20	0.24
TN	2371	16609	8444	8165	HCGP-TN-CO_00862	19	0.23
TN	2371	16609	8444	8165	HCGP-TN-CO_01678	19	0.23
TN	2371	16609	8444	8165	HCGP-TN-CO_01836	19	0.23
TN	2371	16609	8444	8165	HCGP-TN-CO_00980	19	0.23
TN	2371	16609	8444	8165	HCGP-TN-CO_01860	18	0.21
TN	2371	16609	8444	8165	HCGP-TN-CO_01554	18	0.21
TN	2371	16609	8444	8165	HCGP-TN-CO_01705	18	0.21
TN	2371	16609	8444	8165	HCGP-TN-CO_01756	18	0.21
TN	2371	16609	8444	8165	HCGP-TN-CO_01793	18	0.21
TN	2371	16609	8444	8165	HCGP-TN-CO_01848	18	0.21
TN	2371	16609	8444	8165	HCGP-TN-CO_01924	17	0.20
TN	2371	16609	8444	8165	HCGP-TN-CO_01915	17	0.20
TN	2371	16609	8444	8165	HCGP-TN-CO_02149	17	0.20
TN	2371	16609	8444	8165	HCGP-TN-CO_01730	17	0.20
TN	2371	16609	8444	8165	HCGP-TN-CO_01824	16	0.19
TN	2371	16609	8444	8165	HCGP-TN-CO_01717	16	0.19
TN	2371	16609	8444	8165	HCGP-TN-CO_01936	16	0.19
TN	2371	16609	8444	8165	HCGP-TN-CO_01611	16	0.19
TN	2371	16609	8444	8165	HCGP-TN-CO_00861	15	0.18
TN	2371	16609	8444	8165	HCGP-TN-CO_02016	15	0.18
TN	2371	16609	8444	8165	HCGP-TN-CO_00981	15	0.18
TN	2371	16609	8444	8165	HCGP-TN-CO_01903	15	0.18
TN	2371	16609	8444	8165	HCGP-TN-CO_01693	14	0.17
TN	2371	16609	8444	8165	HCGP-TN-CO_02038	14	0.17
TN	2371	16609	8444	8165	HCGP-TN-CO_02091	14	0.17
TN	2371	16609	8444	8165	HCGP-TN-CO_02005	14	0.17
TN	2371	16609	8444	8165	HCGP-TN-CO_01994	14	0.17
TN	2371	16609	8444	8165	HCGP-TN-CO_02048	13	0.15
TN	2371	16609	8444	8165	HCGP-TN-CO_02261	13	0.15
TN	2371	16609	8444	8165	HCGP-TN-CO_02080	13	0.15
TN	2371	16609	8444	8165	HCGP-TN-CO_01807	13	0.15
TN	2371	16609	8444	8165	HCGP-TN-CO_02135	13	0.15
TN	2371	16609	8444	8165	HCGP-TN-CO_02250	13	0.15
TN	2371	16609	8444	8165	HCGP-TN-CO_02114	13	0.15
TN	2371	16609	8444	8165	HCGP-TN-CO_02057	12	0.14
TN	2371	16609	8444	8165	HCGP-TN-CO_02274	12	0.14
TN	2371	16609	8444	8165	HCGP-TN-CO_00010	12	0.14
TN	2371	16609	8444	8165	HCGP-TN-CO_02349	12	0.14
TN	2371	16609	8444	8165	HCGP-TN-CO_02298	12	0.14
TN	2371	16609	8444	8165	HCGP-TN-CO_01947	12	0.14
TN	2371	16609	8444	8165	HCGP-TN-CO_02331	12	0.14
TN	2371	16609	8444	8165	HCGP-TN-CO_02239	12	0.14
TN	2371	16609	8444	8165	HCGP-TN-CO_02027	12	0.14
TN	2371	16609	8444	8165	HCGP-TN-CO_02341	12	0.14
TN	2371	16609	8444	8165	HCGP-TN-CO_01524	12	0.14
TN	2371	16609	8444	8165	HCGP-TN-CO_02359	12	0.14
TN	2371	16609	8444	8165	HCGP-TN-CO_00052	11	0.13
TN	2371	16609	8444	8165	HCGP-TN-CO_02102	11	0.13
TN	2371	16609	8444	8165	HCGP-TN-CO_02184	11	0.13
TN	2371	16609	8444	8165	HCGP-TN-CO_01804	11	0.13
TN	2371	16609	8444	8165	HCGP-TN-CO_00020	11	0.13
TN	2371	16609	8444	8165	HCGP-TN-CO_00147	11	0.13
TN	2371	16609	8444	8165	HCGP-TN-CO_01893	11	0.13
TN	2371	16609	8444	8165	HCGP-TN-CO_00075	11	0.13
TN	2371	16609	8444	8165	HCGP-TN-CO_00972	11	0.13
TN	2371	16609	8444	8165	HCGP-TN-CO_02228	11	0.13
TN	2371	16609	8444	8165	HCGP-TN-CO_00031	11	0.13
TN	2371	16609	8444	8165	HCGP-TN-CO_02125	11	0.13
TN	2371	16609	8444	8165	HCGP-TN-CO_01883	11	0.13
TN	2371	16609	8444	8165	HCGP-TN-CO_00128	11	0.13
TN	2371	16609	8444	8165	HCGP-TN-CO_02207	10	0.12
TN	2371	16609	8444	8165	HCGP-TN-CO_00268	10	0.12
TN	2371	16609	8444	8165	HCGP-TN-CO_00169	10	0.12
TN	2371	16609	8444	8165	HCGP-TN-CO_02321	10	0.12
TN	2371	16609	8444	8165	HCGP-TN-CO_00279	10	0.12
TN	2371	16609	8444	8165	HCGP-TN-CO_00216	10	0.12
TN	2371	16609	8444	8165	HCGP-TN-CO_00206	10	0.12
TT	350	2247	1549	698	HCGP-TT-CO_00103	58	3.74
TT	350	2247	1549	698	HCGP-TT-CO_00206	54	3.49
TT	350	2247	1549	698	HCGP-TT-CO_00302	31	2.00
TT	350	2247	1549	698	HCGP-TT-CO_00289	28	1.81
TT	350	2247	1549	698	HCGP-TT-CO_00325	25	1.61
TT	350	2247	1549	698	HCGP-TT-CO_00314	24	1.55
TT	350	2247	1549	698	HCGP-TT-CO_00010	21	1.36
TT	350	2247	1549	698	HCGP-TT-CO_00335	21	1.36
TT	350	2247	1549	698	HCGP-TT-CO_00290	20	1.29
TT	350	2247	1549	698	HCGP-TT-CO_00020	15	0.97
TT	350	2247	1549	698	HCGP-TT-CO_00051	15	0.97
TT	350	2247	1549	698	HCGP-TT-CO_00041	14	0.90
TT	350	2247	1549	698	HCGP-TT-CO_00073	14	0.90
TT	350	2247	1549	698	HCGP-TT-CO_00030	13	0.84
TT	350	2247	1549	698	HCGP-TT-CO_00099	13	0.84
TT	350	2247	1549	698	HCGP-TT-CO_00090	13	0.84
TT	350	2247	1549	698	HCGP-TT-CO_00348	13	0.84
TT	350	2247	1549	698	HCGP-TT-CO_00132	13	0.84
TT	350	2247	1549	698	HCGP-TT-CO_00141	12	0.77
TT	350	2247	1549	698	HCGP-TT-CO_00155	12	0.77
TT	350	2247	1549	698	HCGP-TT-CO_00162	11	0.71
TT	350	2247	1549	698	HCGP-TT-CO_00185	11	0.71
TT	350	2247	1549	698	HCGP-TT-CO_00196	11	0.71
TT	350	2247	1549	698	HCGP-TT-CO_00147	11	0.71
TT	350	2247	1549	698	HCGP-TT-CO_00273	10	0.65
TT	350	2247	1549	698	HCGP-TT-CO_00275	10	0.65
TT	350	2247	1549	698	HCGP-TT-CO_00062	10	0.65
TT	350	2247	1549	698	HCGP-TT-CO_00229	10	0.65
TT	350	2247	1549	698	HCGP-TT-CO_00205	10	0.65
TT	350	2247	1549	698	HCGP-TT-CO_00219	9	0.58
TT	350	2247	1549	698	HCGP-TT-CO_00269	9	0.58
TT	350	2247	1549	698	HCGP-TT-CO_00271	9	0.58
TT	350	2247	1549	698	HCGP-TT-CO_00252	9	0.58
TT	350	2247	1549	698	HCGP-TT-CO_00270	9	0.58
TT	350	2247	1549	698	HCGP-TT-CO_00278	9	0.58
TT	350	2247	1549	698	HCGP-TT-CO_00238	9	0.58
TT	350	2247	1549	698	HCGP-TT-CO_00263	9	0.58
TT	350	2247	1549	698	HCGP-TT-CO_00107	9	0.58
TT	350	2247	1549	698	HCGP-TT-CO_00246	9	0.58
TT	350	2247	1549	698	HCGP-TT-CO_00282	8	0.52
TT	350	2247	1549	698	HCGP-TT-CO_00281	8	0.52
TT	350	2247	1549	698	HCGP-TT-CO_00284	8	0.52
TT	350	2247	1549	698	HCGP-TT-CO_00293	7	0.45
TT	350	2247	1549	698	HCGP-TT-CO_00297	7	0.45
TT	350	2247	1549	698	HCGP-TT-CO_00294	7	0.45
TT	350	2247	1549	698	HCGP-TT-CO_00286	7	0.45
TT	350	2247	1549	698	HCGP-TT-CO_00279	7	0.45
TT	350	2247	1549	698	HCGP-TT-CO_00296	7	0.45
TT	350	2247	1549	698	HCGP-TT-CO_00280	7	0.45
TT	350	2247	1549	698	HCGP-TT-CO_00283	7	0.45
TT	350	2247	1549	698	HCGP-TT-CO_00295	7	0.45
TT	350	2247	1549	698	HCGP-TT-CO_00117	7	0.45
TT	350	2247	1549	698	HCGP-TT-CO_00312	6	0.39
TT	350	2247	1549	698	HCGP-TT-CO_00307	6	0.39
TT	350	2247	1549	698	HCGP-TT-CO_00115	6	0.39
TT	350	2247	1549	698	HCGP-TT-CO_00299	6	0.39
TT	350	2247	1549	698	HCGP-TT-CO_00285	6	0.39
TT	350	2247	1549	698	HCGP-TT-CO_00301	6	0.39
TT	350	2247	1549	698	HCGP-TT-CO_00318	6	0.39
TT	350	2247	1549	698	HCGP-TT-CO_00298	6	0.39
TT	350	2247	1549	698	HCGP-TT-CO_00313	6	0.39
TT	350	2247	1549	698	HCGP-TT-CO_00306	6	0.39
TT	350	2247	1549	698	HCGP-TT-CO_00323	5	0.32
TT	350	2247	1549	698	HCGP-TT-CO_00320	5	0.32
TT	350	2247	1549	698	HCGP-TT-CO_00102	5	0.32
TT	350	2247	1549	698	HCGP-TT-CO_00336	5	0.32
TT	350	2247	1549	698	HCGP-TT-CO_00321	5	0.32
TT	350	2247	1549	698	HCGP-TT-CO_00339	5	0.32
TT	350	2247	1549	698	HCGP-TT-CO_00169	5	0.32
TT	350	2247	1549	698	HCGP-TT-CO_00122	5	0.32
TT	350	2247	1549	698	HCGP-TT-CO_00332	5	0.32
TT	350	2247	1549	698	HCGP-TT-CO_00328	5	0.32
TT	350	2247	1549	698	HCGP-TT-CO_00337	5	0.32
TT	350	2247	1549	698	HCGP-TT-CO_00319	5	0.32
TT	350	2247	1549	698	HCGP-TT-CO_00324	5	0.32
TT	350	2247	1549	698	HCGP-TT-CO_00334	5	0.32
TT	350	2247	1549	698	HCGP-TT-CO_00082	5	0.32
TT	350	2247	1549	698	HCGP-TT-CO_00317	5	0.32
TT	350	2247	1549	698	HCGP-TT-CO_00327	5	0.32
TT	350	2247	1549	698	HCGP-TT-CO_00331	5	0.32
TT	350	2247	1549	698	HCGP-TT-CO_00338	5	0.32
TT	350	2247	1549	698	HCGP-TT-CO_00300	5	0.32
TT	350	2247	1549	698	HCGP-TT-CO_00340	5	0.32
TT	350	2247	1549	698	HCGP-TT-CO_00021	4	0.26
TT	350	2247	1549	698	HCGP-TT-CO_00026	4	0.26
TT	350	2247	1549	698	HCGP-TT-CO_00330	4	0.26
TT	350	2247	1549	698	HCGP-TT-CO_00208	4	0.26
TT	350	2247	1549	698	HCGP-TT-CO_00342	4	0.26
TT	350	2247	1549	698	HCGP-TT-CO_00303	4	0.26
TT	350	2247	1549	698	HCGP-TT-CO_00008	4	0.26
TT	350	2247	1549	698	HCGP-TT-CO_00326	4	0.26
TT	350	2247	1549	698	HCGP-TT-CO_00012	4	0.26
TT	350	2247	1549	698	HCGP-TT-CO_00025	4	0.26
TT	350	2247	1549	698	HCGP-TT-CO_00015	4	0.26
TT	350	2247	1549	698	HCGP-TT-CO_00329	4	0.26
TT	350	2247	1549	698	HCGP-TT-CO_00311	4	0.26
TT	350	2247	1549	698	HCGP-TT-CO_00022	4	0.26
TT	350	2247	1549	698	HCGP-TT-CO_00029	4	0.26
TT	350	2247	1549	698	HCGP-TT-CO_00322	4	0.26
TT	350	2247	1549	698	HCGP-TT-CO_00001	4	0.26
